Frequency (Hz)	Level (dB)				
1487.136841	-58.739033				
1488.482666	-58.146347				
1489.828491	-58.528343				
1491.174316	-57.721855				
1492.520142	-57.265697				
1493.865967	-58.211971				
1495.211792	-57.985054				
1496.557617	-58.105606				
1497.903442	-57.396149				
1499.249268	-56.372932				
1500.595093	-57.950779				
1501.940918	-58.979946				
1503.286743	-56.964745				
1504.632568	-57.759247				
1505.978394	-56.172993				
1507.324219	-56.444221				
1508.670044	-57.262531				
1510.015869	-55.952461				
1511.361694	-55.778004				
1512.70752	-57.577793				
1514.053345	-56.880939				
1515.39917	-54.890408				
1516.744995	-55.682026				
1518.09082	-54.981911				
1519.436646	-54.47966				
1520.782471	-54.870056				
1522.128296	-55.537708				
1523.474121	-56.484032				
1524.819946	-54.811363				
1526.165771	-55.120033				
1527.511597	-55.393456				
1528.857422	-56.338417				
1530.203247	-55.116642				
1531.549072	-55.089523				
1532.894897	-55.054939				
1534.240723	-55.358646				
1535.586548	-54.689285				
1536.932373	-53.873707				
1538.278198	-55.282558				
1539.624023	-54.725494				
1540.969849	-54.837761				
1542.315674	-54.030388				
1543.661499	-53.047218				
1545.007324	-53.534733				
1546.353149	-53.347225				
1547.698975	-52.96373				
1549.0448	-52.339382				
1550.390625	-52.490421				
1551.73645	-51.986176				
1553.082275	-53.970619				
1554.428101	-53.053429				
1555.773926	-53.325317				
1557.119751	-53.054478				
1558.465576	-51.784492				
1559.811401	-52.487915				
1561.157227	-51.1535				
1562.503052	-52.318523				
1563.848877	-52.319653				
1565.194702	-52.592556				
1566.540527	-51.540661				
1567.886353	-51.701431				
1569.232178	-50.533092				
1570.578003	-51.392071				
1571.923828	-50.845146				
1573.269653	-50.407291				
1574.615479	-51.266384				
1575.961304	-49.678135				
1577.307129	-51.543755				
1578.652954	-50.328274				
1579.998779	-50.455826				
1581.344604	-50.374466				
1582.69043	-49.174778				
1584.036255	-49.878098				
1585.38208	-49.565502				
1586.727905	-49.948322				
1588.07373	-48.883591				
1589.419556	-47.726902				
1590.765381	-49.898499				
1592.111206	-49.192085				
1593.457031	-48.45179				
1594.802856	-48.387791				
1596.148682	-48.706718				
1597.494507	-47.539005				
1598.840332	-47.795902				
1600.186157	-48.445152				
1601.531982	-47.489876				
1602.877808	-47.935482				
1604.223633	-47.664577				
1605.569458	-47.633442				
1606.915283	-46.574127				
1608.261108	-46.655106				
1609.606934	-46.399837				
1610.952759	-44.805893				
1612.298584	-45.742359				
1613.644409	-46.513062				
1614.990234	-45.654739				
1616.33606	-45.760944				
1617.681885	-46.43084				
1619.02771	-45.242584				
1620.373535	-45.144821				
1621.71936	-45.593899				
1623.065186	-45.744404				
1624.411011	-45.760056				
1625.756836	-45.1894				
1627.102661	-45.799202				
1628.448486	-44.709599				
1629.794312	-44.640224				
1631.140137	-44.684509				
1632.485962	-46.216251				
1633.831787	-44.463345				
1635.177612	-44.393711				
1636.523438	-45.750069				
1637.869263	-45.620865				
1639.215088	-44.978516				
1640.560913	-45.135086				
1641.906738	-45.37965				
1643.252563	-45.151848				
1644.598389	-45.257977				
1645.944214	-45.11055				
1647.290039	-45.534206				
1648.635864	-46.589096				
1649.981689	-46.67947				
1651.327515	-46.656086				
1652.67334	-47.236343				
1654.019165	-47.54792				
1655.36499	-46.588398				
1656.710815	-46.772221				
1658.056641	-46.689308				
1659.402466	-47.522308				
1660.748291	-46.815323				
1662.094116	-47.752747				
1663.439941	-48.25563				
1664.785767	-47.682785				
1666.131592	-47.890926				
1667.477417	-47.526085				
1668.823242	-48.7756				
1670.169067	-48.647346				
1671.514893	-49.083481				
1672.860718	-48.691822				
1674.206543	-50.389427				
1675.552368	-49.289555				
1676.898193	-49.035419				
1678.244019	-48.325123				
1679.589844	-49.593681				
1680.935669	-50.303577				
1682.281494	-50.470093				
1683.627319	-49.754799				
1684.973145	-50.10894				
1686.31897	-49.493752				
1687.664795	-50.93222				
1689.01062	-50.384254				
1690.356445	-51.83672				
1691.702271	-50.948845				
1693.048096	-50.463627				
1694.393921	-51.180763				
1695.739746	-51.103828				
1697.085571	-51.114101				
1698.431396	-51.311256				
1699.777222	-52.325665				
1701.123047	-52.841148				
1702.468872	-51.947079				
1703.814697	-51.842697				
1705.160522	-51.473869				
1706.506348	-52.889225				
1707.852173	-51.34206				
1709.197998	-51.514866				
1710.543823	-51.763668				
1711.889648	-51.646614				
1713.235474	-52.237442				
1714.581299	-53.45583				
1715.927124	-52.276257				
1717.272949	-51.73814				
1718.618774	-51.961391				
1719.9646	-52.326153				
1721.310425	-52.615582				
1722.65625	-52.741749				
1724.002075	-52.77211				
1725.3479	-52.839573				
1726.693726	-52.513287				
1728.039551	-52.725281				
1729.385376	-53.211906				
1730.731201	-53.575672				
1732.077026	-54.050449				
1733.422852	-54.208523				
1734.768677	-54.415047				
1736.114502	-53.571251				
1737.460327	-53.955692				
1738.806152	-54.331207				
1740.151978	-53.521778				
1741.497803	-53.883091				
1742.843628	-54.019241				
1744.189453	-54.406876				
1745.535278	-55.801426				
1746.881104	-54.780445				
1748.226929	-53.858444				
1749.572754	-54.343914				
1750.918579	-54.804344				
1752.264404	-54.779366				
1753.610229	-54.691933				
1754.956055	-53.85865				
1756.30188	-54.280922				
1757.647705	-54.787449				
1758.99353	-54.602364				
1760.339355	-54.346836				
1761.685181	-55.67207				
1763.031006	-54.850365				
1764.376831	-55.185295				
1765.722656	-55.334694				
1767.068481	-55.367737				
1768.414307	-56.376339				
1769.760132	-55.27919				
1771.105957	-55.019535				
1772.451782	-55.270275				
1773.797607	-55.872139				
1775.143433	-55.602333				
1776.489258	-55.315273				
1777.835083	-54.985882				
1779.180908	-55.549213				
1780.526733	-55.485115				
1781.872559	-55.618877				
1783.218384	-56.954323				
1784.564209	-55.485466				
1785.910034	-56.021606				
1787.255859	-55.26952				
1788.601685	-56.195011				
1789.94751	-55.501133				
1791.293335	-56.166039				
1792.63916	-55.995636				
1793.984985	-56.932758				
1795.330811	-56.519672				
1796.676636	-55.692524				
1798.022461	-57.335438				
1799.368286	-56.906246				
1800.714111	-55.620586				
1802.059937	-56.498341				
1803.405762	-56.875641				
1804.751587	-56.5872				
1806.097412	-56.162567				
1807.443237	-56.147045				
1808.789062	-56.497459				
1810.134888	-56.438774				
1811.480713	-55.38279				
1812.826538	-57.102543				
1814.172363	-56.784229				
1815.518188	-56.877926				
1816.864014	-56.66732				
1818.209839	-56.074539				
1819.555664	-57.072166				
1820.901489	-56.53421				
1822.247314	-56.84317				
1823.59314	-56.885357				
1824.938965	-57.474434				
1826.28479	-57.177555				
1827.630615	-58.886677				
1828.97644	-58.061066				
1830.322266	-57.571892				
1831.668091	-56.405365				
1833.013916	-55.965153				
1834.359741	-56.740562				
1835.705566	-56.969158				
1837.051392	-57.035759				
1838.397217	-57.566856				
1839.743042	-57.444881				
1841.088867	-57.020473				
1842.434692	-56.728008				
1843.780518	-56.266628				
1845.126343	-57.115719				
1846.472168	-57.819202				
1847.817993	-57.373463				
1849.163818	-57.190453				
1850.509644	-57.405975				
1851.855469	-57.531281				
1853.201294	-57.853214				
1854.547119	-57.077766				
1855.892944	-56.49189				
1857.23877	-56.314568				
1858.584595	-57.073193				
1859.93042	-55.996559				
1861.276245	-57.94363				
1862.62207	-56.760399				
1863.967896	-57.854935				
1865.313721	-57.073975				
1866.659546	-56.738705				
1868.005371	-57.114834				
1869.351196	-57.148418				
1870.697021	-57.632698				
1872.042847	-56.723148				
1873.388672	-56.582191				
1874.734497	-56.989872				
1876.080322	-57.023449				
1877.426147	-57.338032				
1878.771973	-58.007973				
1880.117798	-56.07003				
1881.463623	-57.636791				
1882.809448	-57.224724				
1884.155273	-58.402321				
1885.501099	-56.85331				
1886.846924	-57.747826				
1888.192749	-58.392456				
1889.538574	-56.91124				
1890.884399	-57.475342				
1892.230225	-58.532501				
1893.57605	-56.454296				
1894.921875	-57.542007				
1896.2677	-57.74485				
1897.613525	-56.883541				
1898.959351	-57.67804				
1900.305176	-57.472893				
1901.651001	-57.664757				
1902.996826	-57.955742				
1904.342651	-57.436447				
1905.688477	-57.400826				
1907.034302	-57.936207				
1908.380127	-57.426495				
1909.725952	-57.704372				
1911.071777	-57.482304				
1912.417603	-57.377357				
1913.763428	-57.209362				
1915.109253	-57.873325				
1916.455078	-56.876591				
1917.800903	-57.112923				
1919.146729	-56.601261				
1920.492554	-57.530079				
1921.838379	-57.191196				
1923.184204	-57.165234				
1924.530029	-57.944252				
1925.875854	-55.983204				
1927.22168	-56.587429				
1928.567505	-57.816864				
1929.91333	-57.77203				
1931.259155	-57.438946				
1932.60498	-56.566097				
1933.950806	-56.102474				
1935.296631	-57.477566				
1936.642456	-57.155399				
1937.988281	-57.756676				
1939.334106	-56.806843				
1940.679932	-55.971935				
1942.025757	-57.095196				
1943.371582	-57.334244				
1944.717407	-56.801373				
1946.063232	-57.497791				
1947.409058	-57.388771				
1948.754883	-56.331116				
1950.100708	-56.908615				
1951.446533	-56.355511				
1952.792358	-56.663029				
1954.138184	-56.947136				
1955.484009	-55.584366				
1956.829834	-57.028923				
1958.175659	-56.562332				
1959.521484	-56.464928				
1960.86731	-58.260769				
1962.213135	-56.930374				
1963.55896	-56.286587				
1964.904785	-56.777908				
1966.25061	-55.447937				
1967.596436	-56.564011				
1968.942261	-56.168941				
1970.288086	-56.561069				
1971.633911	-56.232605				
1972.979736	-56.620728				
1974.325562	-57.103687				
1975.671387	-56.2813				
1977.017212	-56.780602				
1978.363037	-56.762619				
1979.708862	-57.173912				
1981.054688	-56.842216				
1982.400513	-55.468632				
1983.746338	-55.783436				
1985.092163	-55.530857				
1986.437988	-55.44376				
1987.783813	-56.592621				
1989.129639	-56.193954				
1990.475464	-55.572803				
1991.821289	-57.376667				
1993.167114	-56.259605				
1994.512939	-56.527378				
1995.858765	-55.509106				
1997.20459	-56.289467				
1998.550415	-55.475731				
1999.89624	-56.370319				
2001.242065	-55.867226				
2002.587891	-56.26096				
2003.933716	-55.876743				
2005.279541	-55.5872				
2006.625366	-55.816521				
2007.971191	-55.657894				
2009.317017	-56.078209				
2010.662842	-55.313946				
2012.008667	-55.751484				
2013.354492	-55.568882				
2014.700317	-56.013027				
2016.046143	-54.977821				
2017.391968	-55.821899				
2018.737793	-55.610538				
2020.083618	-54.605675				
2021.429443	-53.51965				
2022.775269	-54.68124				
2024.121094	-53.879974				
2025.466919	-54.712769				
2026.812744	-54.647938				
2028.158569	-54.672237				
2029.504395	-54.20509				
2030.85022	-55.116943				
2032.196045	-54.546925				
2033.54187	-54.645321				
2034.887695	-53.964043				
2036.233521	-54.025555				
2037.579346	-53.731678				
2038.925171	-53.881481				
2040.270996	-54.493191				
2041.616821	-54.745285				
2042.962646	-53.72541				
2044.308472	-54.136921				
2045.654297	-53.800175				
2047.000122	-53.634121				
2048.345947	-53.56979				
2049.691772	-53.647682				
2051.037598	-53.712124				
2052.383423	-54.003918				
2053.729248	-53.781143				
2055.075073	-53.684628				
2056.420898	-52.74654				
2057.766724	-53.074684				
2059.112549	-53.094841				
2060.458374	-52.406929				
2061.804199	-53.191719				
2063.150024	-53.769516				
2064.49585	-52.513794				
2065.841675	-53.370209				
2067.1875	-53.292736				
2068.533325	-52.412464				
2069.87915	-53.329185				
2071.224976	-52.188843				
2072.570801	-52.52457				
2073.916626	-52.379353				
2075.262451	-53.105419				
2076.608276	-52.180412				
2077.954102	-52.958359				
2079.299927	-52.225899				
2080.645752	-52.321606				
2081.991577	-51.336441				
2083.337402	-51.48642				
2084.683228	-51.519936				
2086.029053	-50.429188				
2087.374878	-50.672977				
2088.720703	-51.590042				
2090.066528	-51.260426				
2091.412354	-50.37405				
2092.758179	-51.531757				
2094.104004	-50.412907				
2095.449829	-50.584156				
2096.795654	-49.635864				
2098.141479	-50.472248				
2099.487305	-50.295799				
2100.83313	-50.407528				
2102.178955	-50.580696				
2103.52478	-50.442066				
2104.870605	-50.594574				
2106.216431	-49.265106				
2107.562256	-48.757927				
2108.908081	-48.471844				
2110.253906	-48.312817				
2111.599731	-49.780388				
2112.945557	-49.108662				
2114.291382	-49.387398				
2115.637207	-48.435982				
2116.983032	-49.106503				
2118.328857	-47.615101				
2119.674683	-48.081799				
2121.020508	-48.722343				
2122.366333	-49.410461				
2123.712158	-48.569138				
2125.057983	-47.532269				
2126.403809	-46.709091				
2127.749634	-47.818501				
2129.095459	-47.262802				
2130.441284	-47.291466				
2131.787109	-46.61821				
2133.132935	-46.22522				
2134.47876	-46.14542				
2135.824585	-46.471375				
2137.17041	-47.109619				
2138.516235	-46.284164				
2139.862061	-45.347713				
2141.207886	-45.651943				
2142.553711	-46.664474				
2143.899536	-45.070492				
2145.245361	-46.097668				
2146.591187	-44.680943				
2147.937012	-44.292423				
2149.282837	-45.768871				
2150.628662	-45.052872				
2151.974487	-43.997986				
2153.320312	-43.757099				
2154.666138	-44.32692				
2156.011963	-43.194805				
2157.357788	-44.368912				
2158.703613	-42.268871				
2160.049438	-43.637711				
2161.395264	-45.056065				
2162.741089	-44.55899				
2164.086914	-43.886372				
2165.432739	-44.059502				
2166.778564	-43.024952				
2168.12439	-43.918255				
2169.470215	-42.938183				
2170.81604	-44.589008				
2172.161865	-42.730656				
2173.50769	-42.461777				
2174.853516	-42.697163				
2176.199341	-42.737938				
2177.545166	-43.109825				
2178.890991	-42.066425				
2180.236816	-42.485638				
2181.582642	-43.786896				
2182.928467	-43.688339				
2184.274292	-44.090424				
2185.620117	-42.904663				
2186.965942	-42.40955				
2188.311768	-42.074776				
2189.657593	-43.059177				
2191.003418	-44.117073				
2192.349243	-43.557625				
2193.695068	-44.437065				
2195.040894	-43.882599				
2196.386719	-43.642426				
2197.732544	-44.572956				
2199.078369	-43.72961				
2200.424194	-45.493591				
2201.77002	-44.168762				
2203.115845	-44.837017				
2204.46167	-44.921036				
2205.807495	-45.98629				
2207.15332	-45.566166				
2208.499146	-45.066799				
2209.844971	-46.308689				
2211.190796	-45.016201				
2212.536621	-45.304432				
2213.882446	-46.00864				
2215.228271	-46.728848				
2216.574097	-47.187698				
2217.919922	-46.697609				
2219.265747	-47.163849				
2220.611572	-47.151585				
2221.957397	-47.481293				
2223.303223	-47.914307				
2224.649048	-47.485691				
2225.994873	-47.298553				
2227.340698	-47.8382				
2228.686523	-47.904705				
2230.032349	-47.531361				
2231.378174	-47.06171				
2232.723999	-47.831345				
2234.069824	-48.546219				
2235.415649	-49.000957				
2236.761475	-48.941982				
2238.1073	-48.747574				
2239.453125	-49.797348				
2240.79895	-48.472244				
2242.144775	-49.424259				
2243.490601	-49.861187				
2244.836426	-49.78125				
2246.182251	-49.20763				
2247.528076	-50.59901				
2248.873901	-49.876865				
2250.219727	-50.10437				
2251.565552	-51.039597				
2252.911377	-50.793575				
2254.257202	-51.481815				
2255.603027	-50.444859				
2256.948853	-51.015694				
2258.294678	-50.768917				
2259.640503	-50.136372				
2260.986328	-50.556828				
2262.332153	-51.678097				
2263.677979	-51.033775				
2265.023804	-50.426178				
2266.369629	-50.098274				
2267.715454	-51.608006				
2269.061279	-52.483952				
2270.407104	-52.284527				
2271.75293	-51.806332				
2273.098755	-51.891304				
2274.44458	-52.08754				
2275.790405	-52.166908				
2277.13623	-52.164463				
2278.482056	-51.723629				
2279.827881	-51.826973				
2281.173706	-52.203991				
2282.519531	-52.125076				
2283.865356	-52.159222				
2285.211182	-52.849918				
2286.557007	-52.889099				
2287.902832	-52.498905				
2289.248657	-53.161247				
2290.594482	-52.464794				
2291.940308	-53.25983				
2293.286133	-53.312675				
2294.631958	-53.172081				
2295.977783	-53.339699				
2297.323608	-53.814022				
2298.669434	-53.796734				
2300.015259	-53.345257				
2301.361084	-53.232441				
2302.706909	-54.078457				
2304.052734	-53.994118				
2305.39856	-54.424393				
2306.744385	-54.998524				
2308.09021	-53.898907				
2309.436035	-55.361622				
2310.78186	-53.895615				
2312.127686	-53.938313				
2313.473511	-53.84441				
2314.819336	-54.674458				
2316.165161	-54.017097				
2317.510986	-55.070885				
2318.856812	-55.09618				
2320.202637	-54.356457				
2321.548462	-54.456177				
2322.894287	-55.107685				
2324.240112	-56.16312				
2325.585938	-55.639984				
2326.931763	-55.901718				
2328.277588	-55.168396				
2329.623413	-55.540779				
2330.969238	-54.738266				
2332.315063	-55.251797				
2333.660889	-56.056103				
2335.006714	-55.336319				
2336.352539	-55.031532				
2337.698364	-56.42588				
2339.044189	-55.394688				
2340.390015	-55.201904				
2341.73584	-54.0611				
2343.081665	-56.130726				
2344.42749	-56.17931				
2345.773315	-56.823818				
2347.119141	-56.502964				
2348.464966	-56.233692				
2349.810791	-55.479126				
2351.156616	-55.313797				
2352.502441	-55.524025				
2353.848267	-54.633167				
2355.194092	-55.637848				
2356.539917	-56.598537				
2357.885742	-56.1651				
2359.231567	-56.192307				
2360.577393	-56.885906				
2361.923218	-56.556183				
2363.269043	-56.784882				
2364.614868	-55.713242				
2365.960693	-57.184586				
2367.306519	-56.452763				
2368.652344	-57.050194				
2369.998169	-56.710178				
2371.343994	-56.429115				
2372.689819	-57.211739				
2374.035645	-57.613487				
2375.38147	-56.525608				
2376.727295	-57.379868				
2378.07312	-55.928963				
2379.418945	-57.010654				
2380.764771	-56.568974				
2382.110596	-58.155876				
2383.456421	-57.494755				
2384.802246	-57.249603				
2386.148071	-57.072914				
2387.493896	-56.201992				
2388.839722	-57.862099				
2390.185547	-57.496536				
2391.531372	-56.834114				
2392.877197	-56.320183				
2394.223022	-56.217487				
2395.568848	-57.306923				
2396.914673	-57.745262				
2398.260498	-56.754467				
2399.606323	-57.488445				
2400.952148	-57.323555				
2402.297974	-56.807743				
2403.643799	-57.213696				
2404.989624	-57.115135				
2406.335449	-57.73037				
2407.681274	-58.082874				
2409.0271	-57.260742				
2410.372925	-57.231628				
2411.71875	-56.838779				
2413.064575	-57.299385				
2414.4104	-56.437996				
2415.756226	-56.209743				
2417.102051	-57.139328				
2418.447876	-56.47274				
2419.793701	-56.961918				
2421.139526	-57.436817				
2422.485352	-57.213615				
2423.831177	-57.35495				
2425.177002	-56.975727				
2426.522827	-57.854557				
2427.868652	-57.598465				
2429.214478	-57.248077				
2430.560303	-58.347969				
2431.906128	-56.962818				
2433.251953	-57.50494				
2434.597778	-57.155815				
2435.943604	-56.893791				
2437.289429	-57.736416				
2438.635254	-57.000885				
2439.981079	-57.044117				
2441.326904	-58.192429				
2442.672729	-58.425751				
2444.018555	-56.516357				
2445.36438	-57.522671				
2446.710205	-58.003971				
2448.05603	-58.403141				
2449.401855	-58.798767				
2450.747681	-57.695038				
2452.093506	-56.98106				
2453.439331	-57.993458				
2454.785156	-57.807125				
2456.130981	-57.393837				
2457.476807	-56.6548				
2458.822632	-56.928352				
2460.168457	-56.742237				
2461.514282	-58.223331				
2462.860107	-57.374168				
2464.205933	-57.249641				
2465.551758	-56.880943				
2466.897583	-57.565044				
2468.243408	-56.518009				
2469.589233	-58.109436				
2470.935059	-56.858639				
2472.280884	-57.113361				
2473.626709	-57.286423				
2474.972534	-56.480148				
2476.318359	-56.938633				
2477.664185	-57.620026				
2479.01001	-56.389713				
2480.355835	-57.099308				
2481.70166	-55.865257				
2483.047485	-57.808296				
2484.393311	-57.641651				
2485.739136	-56.9734				
2487.084961	-56.681423				
2488.430786	-57.357937				
2489.776611	-56.968624				
2491.122437	-56.673073				
2492.468262	-56.69355				
2493.814087	-57.282784				
2495.159912	-57.537064				
2496.505737	-57.695068				
2497.851562	-57.113567				
2499.197388	-56.260418				
2500.543213	-56.23003				
2501.889038	-56.433468				
2503.234863	-56.635979				
2504.580688	-56.818993				
2505.926514	-56.981384				
2507.272339	-56.904305				
2508.618164	-57.08065				
2509.963989	-57.137135				
2511.309814	-55.923992				
2512.65564	-58.005718				
2514.001465	-56.100151				
2515.34729	-56.184334				
2516.693115	-55.746529				
2518.03894	-56.42123				
2519.384766	-55.653568				
2520.730591	-56.189903				
2522.076416	-56.715008				
2523.422241	-56.564426				
2524.768066	-55.549721				
2526.113892	-55.879803				
2527.459717	-56.254265				
2528.805542	-55.351196				
2530.151367	-55.992981				
2531.497192	-56.592648				
2532.843018	-56.28101				
2534.188843	-55.884842				
2535.534668	-56.506428				
2536.880493	-56.739925				
2538.226318	-55.2868				
2539.572144	-55.684486				
2540.917969	-55.530037				
2542.263794	-55.769478				
2543.609619	-55.599457				
2544.955444	-55.010498				
2546.30127	-54.857075				
2547.647095	-55.939026				
2548.99292	-56.658192				
2550.338745	-55.807747				
2551.68457	-55.942265				
2553.030396	-56.618565				
2554.376221	-56.326149				
2555.722046	-54.894741				
2557.067871	-55.256676				
2558.413696	-55.751225				
2559.759521	-54.976822				
2561.105347	-54.112362				
2562.451172	-54.694263				
2563.796997	-55.293472				
2565.142822	-54.938927				
2566.488647	-54.684837				
2567.834473	-55.065327				
2569.180298	-54.927868				
2570.526123	-54.276711				
2571.871948	-54.087303				
2573.217773	-55.68396				
2574.563599	-55.422619				
2575.909424	-55.729942				
2577.255249	-54.745079				
2578.601074	-54.955513				
2579.946899	-54.94611				
2581.292725	-54.429699				
2582.63855	-53.685699				
2583.984375	-54.360535				
2585.3302	-54.554245				
2586.676025	-54.348053				
2588.021851	-53.990509				
2589.367676	-54.685375				
2590.713501	-54.832401				
2592.059326	-54.141003				
2593.405151	-53.41843				
2594.750977	-53.7873				
2596.096802	-54.900078				
2597.442627	-54.704041				
2598.788452	-53.208111				
2600.134277	-53.07375				
2601.480103	-53.101833				
2602.825928	-52.347706				
2604.171753	-53.065193				
2605.517578	-51.899887				
2606.863403	-52.182888				
2608.209229	-52.684807				
2609.555054	-52.128735				
2610.900879	-53.106312				
2612.246704	-52.258194				
2613.592529	-52.792839				
2614.938354	-51.504498				
2616.28418	-51.620293				
2617.630005	-51.431801				
2618.97583	-52.963326				
2620.321655	-53.4758				
2621.66748	-51.862419				
2623.013306	-52.725613				
2624.359131	-51.737728				
2625.704956	-51.277775				
2627.050781	-50.509472				
2628.396606	-51.287746				
2629.742432	-50.155994				
2631.088257	-50.284908				
2632.434082	-50.394753				
2633.779907	-50.276474				
2635.125732	-49.874714				
2636.471558	-49.961445				
2637.817383	-49.49651				
2639.163208	-50.310032				
2640.509033	-50.28793				
2641.854858	-48.935509				
2643.200684	-49.774044				
2644.546509	-50.786179				
2645.892334	-49.490692				
2647.238159	-49.35125				
2648.583984	-49.179882				
2649.92981	-50.013084				
2651.275635	-48.674065				
2652.62146	-48.632256				
2653.967285	-49.588261				
2655.31311	-49.314323				
2656.658936	-47.999962				
2658.004761	-47.785309				
2659.350586	-48.733017				
2660.696411	-48.888126				
2662.042236	-47.301853				
2663.388062	-48.825653				
2664.733887	-48.485878				
2666.079712	-46.670994				
2667.425537	-47.027264				
2668.771362	-47.272564				
2670.117188	-47.629288				
2671.463013	-46.523617				
2672.808838	-46.247395				
2674.154663	-46.033684				
2675.500488	-46.143337				
2676.846313	-46.519154				
2678.192139	-45.995949				
2679.537964	-44.775543				
2680.883789	-46.061703				
2682.229614	-44.913994				
2683.575439	-45.250385				
2684.921265	-44.634258				
2686.26709	-44.298759				
2687.612915	-43.998039				
2688.95874	-45.480316				
2690.304565	-45.326893				
2691.650391	-43.861336				
2692.996216	-42.342731				
2694.342041	-43.263824				
2695.687866	-42.447441				
2697.033691	-42.683239				
2698.379517	-43.593842				
2699.725342	-42.121845				
2701.071167	-42.670555				
2702.416992	-41.76778				
2703.762817	-42.347858				
2705.108643	-43.259022				
2706.454468	-42.129318				
2707.800293	-40.815868				
2709.146118	-40.814976				
2710.491943	-41.453869				
2711.837769	-40.990009				
2713.183594	-40.922836				
2714.529419	-41.541409				
2715.875244	-41.547134				
2717.221069	-41.738163				
2718.566895	-42.013298				
2719.91272	-41.454639				
2721.258545	-41.314888				
2722.60437	-41.561275				
2723.950195	-42.418724				
2725.296021	-41.197636				
2726.641846	-42.052933				
2727.987671	-43.013901				
2729.333496	-43.250568				
2730.679321	-42.34584				
2732.025146	-43.298489				
2733.370972	-44.323311				
2734.716797	-44.654736				
2736.062622	-44.122635				
2737.408447	-44.032547				
2738.754272	-44.400864				
2740.100098	-44.359539				
2741.445923	-44.716019				
2742.791748	-44.874279				
2744.137573	-44.992401				
2745.483398	-44.815697				
2746.829224	-46.605534				
2748.175049	-46.581814				
2749.520874	-44.977871				
2750.866699	-45.485146				
2752.212524	-46.556198				
2753.55835	-46.012199				
2754.904175	-47.545704				
2756.25	-48.155243				
2757.595825	-47.750626				
2758.94165	-47.427422				
2760.287476	-47.041584				
2761.633301	-47.051113				
2762.979126	-48.438614				
2764.324951	-48.262646				
2765.670776	-48.58865				
2767.016602	-48.715927				
2768.362427	-49.129875				
2769.708252	-49.838837				
2771.054077	-48.410912				
2772.399902	-49.159901				
2773.745728	-48.8568				
2775.091553	-49.92054				
2776.437378	-49.609337				
2777.783203	-50.394989				
2779.129028	-50.171326				
2780.474854	-50.631294				
2781.820679	-50.601578				
2783.166504	-50.365097				
2784.512329	-50.166965				
2785.858154	-49.793842				
2787.203979	-50.419369				
2788.549805	-50.511093				
2789.89563	-50.296146				
2791.241455	-49.974094				
2792.58728	-51.557549				
2793.933105	-51.442467				
2795.278931	-51.431313				
2796.624756	-51.771328				
2797.970581	-51.977139				
2799.316406	-51.257984				
2800.662231	-51.732986				
2802.008057	-51.789284				
2803.353882	-51.791691				
2804.699707	-52.249756				
2806.045532	-52.256138				
2807.391357	-52.240578				
2808.737183	-52.38525				
2810.083008	-53.31572				
2811.428833	-53.343121				
2812.774658	-51.187099				
2814.120483	-53.019936				
2815.466309	-52.53698				
2816.812134	-52.805038				
2818.157959	-53.363541				
2819.503784	-52.513256				
2820.849609	-53.032898				
2822.195435	-54.032612				
2823.54126	-53.562248				
2824.887085	-55.365269				
2826.23291	-53.393837				
2827.578735	-53.713551				
2828.924561	-52.295197				
2830.270386	-53.836979				
2831.616211	-55.025105				
2832.962036	-54.647404				
2834.307861	-52.832001				
2835.653687	-53.69128				
2836.999512	-54.232487				
2838.345337	-54.949127				
2839.691162	-53.825249				
2841.036987	-53.637245				
2842.382812	-53.805504				
2843.728638	-54.96804				
2845.074463	-54.86097				
2846.420288	-55.080921				
2847.766113	-55.21484				
2849.111938	-54.159554				
2850.457764	-54.131947				
2851.803589	-54.54422				
2853.149414	-53.738995				
2854.495239	-55.090603				
2855.841064	-55.916828				
2857.18689	-54.323887				
2858.532715	-55.482155				
2859.87854	-55.070644				
2861.224365	-54.668049				
2862.57019	-56.571884				
2863.916016	-55.083431				
2865.261841	-55.749737				
2866.607666	-55.694202				
2867.953491	-57.068462				
2869.299316	-54.71434				
2870.645142	-55.146656				
2871.990967	-55.47234				
2873.336792	-55.534214				
2874.682617	-56.40696				
2876.028442	-56.494228				
2877.374268	-55.044266				
2878.720093	-54.766285				
2880.065918	-55.84272				
2881.411743	-55.414921				
2882.757568	-55.659626				
2884.103394	-55.612774				
2885.449219	-56.374992				
2886.795044	-56.929981				
2888.140869	-55.850471				
2889.486694	-56.19191				
2890.83252	-56.353199				
2892.178345	-55.584385				
2893.52417	-56.248554				
2894.869995	-56.971577				
2896.21582	-55.774517				
2897.561646	-55.897499				
2898.907471	-56.009308				
2900.253296	-55.850067				
2901.599121	-56.10247				
2902.944946	-56.85553				
2904.290771	-56.371151				
2905.636597	-56.863758				
2906.982422	-56.497269				
2908.328247	-56.879822				
2909.674072	-56.601318				
2911.019897	-56.329269				
2912.365723	-56.683647				
2913.711548	-56.151405				
2915.057373	-56.334015				
2916.403198	-56.325306				
2917.749023	-57.738148				
2919.094849	-56.722668				
2920.440674	-56.057575				
2921.786499	-57.056866				
2923.132324	-56.36182				
2924.478149	-56.728752				
2925.823975	-56.54755				
2927.1698	-55.747318				
2928.515625	-56.61488				
2929.86145	-56.401104				
2931.207275	-57.822979				
2932.553101	-57.420834				
2933.898926	-55.93433				
2935.244751	-57.53051				
2936.590576	-58.16695				
2937.936401	-57.213604				
2939.282227	-56.66222				
2940.628052	-58.701096				
2941.973877	-57.61348				
2943.319702	-55.863285				
2944.665527	-57.304775				
2946.011353	-56.572075				
2947.357178	-56.783478				
2948.703003	-58.127563				
2950.048828	-57.773079				
2951.394653	-58.272301				
2952.740479	-57.649685				
2954.086304	-57.772621				
2955.432129	-57.931179				
2956.777954	-57.911118				
2958.123779	-56.495102				
2959.469604	-57.533718				
2960.81543	-56.942783				
2962.161255	-57.61935				
2963.50708	-56.529987				
2964.852905	-57.686554				
2966.19873	-58.54636				
2967.544556	-56.957581				
2968.890381	-58.468418				
2970.236206	-56.927315				
2971.582031	-57.351284				
2972.927856	-56.602524				
2974.273682	-56.567287				
2975.619507	-57.799885				
2976.965332	-58.282795				
2978.311157	-58.423058				
2979.656982	-56.734524				
2981.002808	-57.250984				
2982.348633	-56.728237				
2983.694458	-56.976799				
2985.040283	-58.30526				
2986.386108	-57.112343				
2987.731934	-56.46085				
2989.077759	-56.708523				
2990.423584	-56.446049				
2991.769409	-57.162281				
2993.115234	-55.99017				
2994.46106	-57.261993				
2995.806885	-56.161629				
2997.15271	-56.719677				
2998.498535	-58.516628				
2999.84436	-58.396374				
3001.190186	-56.381714				
3002.536011	-56.911827				
3003.881836	-57.325878				
3005.227661	-58.463154				
3006.573486	-57.339149				
3007.919312	-57.452988				
3009.265137	-56.558647				
3010.610962	-56.740879				
3011.956787	-56.887562				
3013.302612	-57.512901				
3014.648438	-57.917553				
3015.994263	-56.386017				
3017.340088	-56.484745				
3018.685913	-58.119778				
3020.031738	-57.871513				
3021.377563	-57.846878				
3022.723389	-56.907967				
3024.069214	-57.386513				
3025.415039	-58.010597				
3026.760864	-56.668507				
3028.106689	-56.622669				
3029.452515	-56.350494				
3030.79834	-55.455067				
3032.144165	-57.067017				
3033.48999	-55.690094				
3034.835815	-56.463684				
3036.181641	-57.06057				
3037.527466	-55.80991				
3038.873291	-55.861164				
3040.219116	-56.945621				
3041.564941	-57.43499				
3042.910767	-57.007671				
3044.256592	-55.984982				
3045.602417	-56.100521				
3046.948242	-56.690586				
3048.294067	-56.652485				
3049.639893	-56.678619				
3050.985718	-55.741047				
3052.331543	-56.311653				
3053.677368	-55.959496				
3055.023193	-55.460964				
3056.369019	-54.913921				
3057.714844	-55.281456				
3059.060669	-54.925747				
3060.406494	-55.194027				
3061.752319	-56.550919				
3063.098145	-54.499653				
3064.44397	-54.681038				
3065.789795	-55.847111				
3067.13562	-56.223255				
3068.481445	-54.084873				
3069.827271	-55.006058				
3071.173096	-55.166447				
3072.518921	-54.778961				
3073.864746	-54.742775				
3075.210571	-55.748409				
3076.556396	-55.324776				
3077.902222	-54.414249				
3079.248047	-55.475979				
3080.593872	-55.571022				
3081.939697	-55.618816				
3083.285522	-54.781738				
3084.631348	-55.342125				
3085.977173	-55.804497				
3087.322998	-55.079227				
3088.668823	-54.488506				
3090.014648	-55.525459				
3091.360474	-54.653111				
3092.706299	-54.580738				
3094.052124	-55.046185				
3095.397949	-55.533257				
3096.743774	-53.88456				
3098.0896	-55.527817				
3099.435425	-55.053013				
3100.78125	-54.035217				
3102.127075	-53.379761				
3103.4729	-53.780605				
3104.818726	-55.342991				
3106.164551	-54.158604				
3107.510376	-55.551414				
3108.856201	-53.998222				
3110.202026	-54.063179				
3111.547852	-54.535538				
3112.893677	-54.124424				
3114.239502	-54.395142				
3115.585327	-54.922993				
3116.931152	-53.302486				
3118.276978	-53.653107				
3119.622803	-53.220821				
3120.968628	-52.840874				
3122.314453	-53.226646				
3123.660278	-53.430599				
3125.006104	-52.54948				
3126.351929	-52.921631				
3127.697754	-52.129578				
3129.043579	-52.813274				
3130.389404	-52.803101				
3131.735229	-51.669815				
3133.081055	-52.52692				
3134.42688	-52.606609				
3135.772705	-52.643566				
3137.11853	-52.102348				
3138.464355	-52.670486				
3139.810181	-51.786579				
3141.156006	-51.43631				
3142.501831	-52.040344				
3143.847656	-52.30669				
3145.193481	-52.442913				
3146.539307	-51.576893				
3147.885132	-51.796295				
3149.230957	-51.611343				
3150.576782	-50.659702				
3151.922607	-50.907051				
3153.268433	-50.963181				
3154.614258	-50.423363				
3155.960083	-51.032627				
3157.305908	-50.384022				
3158.651733	-50.063152				
3159.997559	-49.869175				
3161.343384	-50.101879				
3162.689209	-51.873138				
3164.035034	-50.324184				
3165.380859	-50.448116				
3166.726685	-49.501293				
3168.07251	-50.619213				
3169.418335	-49.56065				
3170.76416	-49.401722				
3172.109985	-49.524323				
3173.455811	-48.868862				
3174.801636	-48.977406				
3176.147461	-48.225723				
3177.493286	-49.648891				
3178.839111	-48.570415				
3180.184937	-48.728733				
3181.530762	-47.761715				
3182.876587	-48.308586				
3184.222412	-47.040054				
3185.568237	-47.895569				
3186.914062	-48.026615				
3188.259888	-47.732674				
3189.605713	-47.9776				
3190.951538	-47.285583				
3192.297363	-47.236755				
3193.643188	-48.449749				
3194.989014	-47.597305				
3196.334839	-47.121357				
3197.680664	-47.221306				
3199.026489	-45.749107				
3200.372314	-45.974976				
3201.71814	-46.118042				
3203.063965	-45.525261				
3204.40979	-45.936363				
3205.755615	-45.635265				
3207.10144	-44.937702				
3208.447266	-44.106277				
3209.793091	-45.173355				
3211.138916	-44.03857				
3212.484741	-43.479675				
3213.830566	-43.318066				
3215.176392	-44.325729				
3216.522217	-43.928555				
3217.868042	-43.829834				
3219.213867	-43.087597				
3220.559692	-43.80051				
3221.905518	-42.996918				
3223.251343	-42.145817				
3224.597168	-42.145393				
3225.942993	-42.119999				
3227.288818	-42.448872				
3228.634644	-42.462646				
3229.980469	-42.236656				
3231.326294	-41.469135				
3232.672119	-41.145729				
3234.017944	-39.858128				
3235.36377	-40.926338				
3236.709595	-41.992496				
3238.05542	-41.271667				
3239.401245	-41.29171				
3240.74707	-41.033745				
3242.092896	-39.938866				
3243.438721	-41.619247				
3244.784546	-40.540337				
3246.130371	-41.210049				
3247.476196	-40.326588				
3248.822021	-39.74276				
3250.167847	-41.081139				
3251.513672	-40.980907				
3252.859497	-41.402721				
3254.205322	-41.051376				
3255.551147	-41.862068				
3256.896973	-41.582058				
3258.242798	-40.900314				
3259.588623	-41.135967				
3260.934448	-41.620678				
3262.280273	-41.57375				
3263.626099	-41.756863				
3264.971924	-42.296982				
3266.317749	-42.517181				
3267.663574	-41.71376				
3269.009399	-43.776695				
3270.355225	-42.800739				
3271.70105	-43.376549				
3273.046875	-43.850147				
3274.3927	-43.721584				
3275.738525	-44.939537				
3277.084351	-44.459213				
3278.430176	-44.031036				
3279.776001	-45.882282				
3281.121826	-44.660347				
3282.467651	-46.401173				
3283.813477	-44.745686				
3285.159302	-45.487488				
3286.505127	-45.913338				
3287.850952	-45.593296				
3289.196777	-45.834362				
3290.542603	-46.371437				
3291.888428	-47.607407				
3293.234253	-46.579002				
3294.580078	-46.933575				
3295.925903	-46.389919				
3297.271729	-46.544876				
3298.617554	-46.46151				
3299.963379	-47.404388				
3301.309204	-47.953674				
3302.655029	-47.835297				
3304.000854	-46.922749				
3305.34668	-47.781097				
3306.692505	-48.265713				
3308.03833	-48.394222				
3309.384155	-48.226276				
3310.72998	-48.588467				
3312.075806	-48.480087				
3313.421631	-47.438995				
3314.767456	-48.889954				
3316.113281	-49.530811				
3317.459106	-49.121162				
3318.804932	-49.446957				
3320.150757	-49.779755				
3321.496582	-49.781895				
3322.842407	-49.157425				
3324.188232	-48.994164				
3325.534058	-50.014				
3326.879883	-48.713428				
3328.225708	-50.046459				
3329.571533	-49.081352				
3330.917358	-49.615437				
3332.263184	-49.721779				
3333.609009	-49.92498				
3334.954834	-50.288174				
3336.300659	-49.567219				
3337.646484	-50.909237				
3338.99231	-51.23138				
3340.338135	-51.166599				
3341.68396	-51.421757				
3343.029785	-50.925316				
3344.37561	-52.147717				
3345.721436	-50.711258				
3347.067261	-51.344139				
3348.413086	-51.21516				
3349.758911	-51.147629				
3351.104736	-50.853455				
3352.450562	-51.506233				
3353.796387	-51.745899				
3355.142212	-52.15205				
3356.488037	-52.618938				
3357.833862	-52.677425				
3359.179688	-52.528				
3360.525513	-52.002831				
3361.871338	-52.489388				
3363.217163	-54.082981				
3364.562988	-52.626854				
3365.908813	-52.427677				
3367.254639	-53.517712				
3368.600464	-52.91531				
3369.946289	-52.874386				
3371.292114	-53.481274				
3372.637939	-53.204025				
3373.983765	-53.216209				
3375.32959	-53.098495				
3376.675415	-52.026031				
3378.02124	-52.188358				
3379.367065	-52.190498				
3380.712891	-52.707447				
3382.058716	-53.455715				
3383.404541	-52.404251				
3384.750366	-53.956387				
3386.096191	-53.341114				
3387.442017	-52.695858				
3388.787842	-53.599243				
3390.133667	-53.468155				
3391.479492	-53.544552				
3392.825317	-53.089848				
3394.171143	-52.981144				
3395.516968	-52.922871				
3396.862793	-52.432953				
3398.208618	-53.938026				
3399.554443	-54.06459				
3400.900269	-54.027203				
3402.246094	-54.20454				
3403.591919	-54.459213				
3404.937744	-54.366997				
3406.283569	-54.167778				
3407.629395	-54.597485				
3408.97522	-52.756565				
3410.321045	-54.777225				
3411.66687	-54.017841				
3413.012695	-53.921124				
3414.358521	-55.335285				
3415.704346	-54.588779				
3417.050171	-54.69994				
3418.395996	-54.228153				
3419.741821	-54.504261				
3421.087646	-54.016705				
3422.433472	-54.401855				
3423.779297	-54.610733				
3425.125122	-55.016621				
3426.470947	-54.257446				
3427.816772	-54.690838				
3429.162598	-54.847099				
3430.508423	-54.339802				
3431.854248	-53.988895				
3433.200073	-53.529037				
3434.545898	-55.230751				
3435.891724	-54.263412				
3437.237549	-53.708237				
3438.583374	-54.086834				
3439.929199	-55.068829				
3441.275024	-54.237053				
3442.62085	-54.989674				
3443.966675	-54.453751				
3445.3125	-55.260025				
3446.658325	-54.182762				
3448.00415	-54.357094				
3449.349976	-54.1376				
3450.695801	-55.06942				
3452.041626	-55.097446				
3453.387451	-55.262852				
3454.733276	-55.150627				
3456.079102	-54.406471				
3457.424927	-55.880569				
3458.770752	-55.232674				
3460.116577	-55.532314				
3461.462402	-54.81786				
3462.808228	-54.83358				
3464.154053	-55.216579				
3465.499878	-55.536556				
3466.845703	-55.24773				
3468.191528	-54.43335				
3469.537354	-54.512569				
3470.883179	-55.251205				
3472.229004	-55.644798				
3473.574829	-55.411964				
3474.920654	-55.783676				
3476.266479	-55.610065				
3477.612305	-55.250984				
3478.95813	-55.01749				
3480.303955	-55.1824				
3481.64978	-55.340748				
3482.995605	-55.335892				
3484.341431	-54.395214				
3485.687256	-54.361233				
3487.033081	-54.965633				
3488.378906	-55.776398				
3489.724731	-54.643402				
3491.070557	-54.889275				
3492.416382	-55.79792				
3493.762207	-55.672386				
3495.108032	-55.798157				
3496.453857	-56.52277				
3497.799683	-55.249172				
3499.145508	-54.982285				
3500.491333	-56.133686				
3501.837158	-55.084255				
3503.182983	-55.921829				
3504.528809	-54.781155				
3505.874634	-55.256859				
3507.220459	-55.714096				
3508.566284	-55.896286				
3509.912109	-54.571278				
3511.257935	-55.586506				
3512.60376	-55.774349				
3513.949585	-54.58194				
3515.29541	-54.154922				
3516.641235	-55.094116				
3517.987061	-55.008419				
3519.332886	-54.101574				
3520.678711	-55.328632				
3522.024536	-55.940807				
3523.370361	-54.50629				
3524.716187	-54.547882				
3526.062012	-54.670921				
3527.407837	-55.613117				
3528.753662	-54.737122				
3530.099487	-55.862793				
3531.445312	-56.90974				
3532.791138	-54.857944				
3534.136963	-54.044621				
3535.482788	-55.125126				
3536.828613	-55.130016				
3538.174438	-55.475273				
3539.520264	-54.622025				
3540.866089	-53.956257				
3542.211914	-54.713242				
3543.557739	-54.441067				
3544.903564	-54.514664				
3546.24939	-54.91391				
3547.595215	-54.932049				
3548.94104	-55.642521				
3550.286865	-54.346569				
3551.63269	-53.949802				
3552.978516	-53.132996				
3554.324341	-54.407101				
3555.670166	-54.540844				
3557.015991	-54.603344				
3558.361816	-55.17926				
3559.707642	-55.28764				
3561.053467	-55.147243				
3562.399292	-54.221466				
3563.745117	-54.82621				
3565.090942	-54.734619				
3566.436768	-54.014477				
3567.782593	-54.138176				
3569.128418	-54.707653				
3570.474243	-54.608391				
3571.820068	-53.157475				
3573.165894	-55.045708				
3574.511719	-53.115303				
3575.857544	-54.847897				
3577.203369	-55.143093				
3578.549194	-54.271572				
3579.89502	-53.057327				
3581.240845	-53.094204				
3582.58667	-53.428593				
3583.932495	-54.238159				
3585.27832	-54.849514				
3586.624146	-54.332821				
3587.969971	-53.641811				
3589.315796	-53.881557				
3590.661621	-54.071175				
3592.007446	-52.969505				
3593.353271	-54.293903				
3594.699097	-52.436127				
3596.044922	-53.517143				
3597.390747	-53.703892				
3598.736572	-54.147202				
3600.082397	-54.060837				
3601.428223	-53.157978				
3602.774048	-53.142334				
3604.119873	-53.854698				
3605.465698	-53.176609				
3606.811523	-53.299507				
3608.157349	-53.367867				
3609.503174	-52.827251				
3610.848999	-53.167534				
3612.194824	-53.022926				
3613.540649	-53.236603				
3614.886475	-53.361736				
3616.2323	-53.028709				
3617.578125	-52.96891				
3618.92395	-53.441292				
3620.269775	-54.22628				
3621.615601	-52.702106				
3622.961426	-52.29493				
3624.307251	-51.549595				
3625.653076	-51.51939				
3626.998901	-51.879692				
3628.344727	-52.032921				
3629.690552	-52.217583				
3631.036377	-53.825382				
3632.382202	-52.442425				
3633.728027	-52.724163				
3635.073853	-53.586796				
3636.419678	-53.091377				
3637.765503	-52.079811				
3639.111328	-52.987186				
3640.457153	-51.924732				
3641.802979	-51.795731				
3643.148804	-51.736507				
3644.494629	-51.405743				
3645.840454	-50.776573				
3647.186279	-52.30703				
3648.532104	-50.795158				
3649.87793	-51.317242				
3651.223755	-51.174904				
3652.56958	-51.618221				
3653.915405	-51.483177				
3655.26123	-50.14241				
3656.607056	-52.09663				
3657.952881	-52.370461				
3659.298706	-50.766167				
3660.644531	-50.06871				
3661.990356	-51.074474				
3663.336182	-50.376232				
3664.682007	-50.673035				
3666.027832	-50.797382				
3667.373657	-50.531574				
3668.719482	-50.494961				
3670.065308	-49.827431				
3671.411133	-51.349373				
3672.756958	-50.126133				
3674.102783	-49.557766				
3675.448608	-50.134918				
3676.794434	-48.900902				
3678.140259	-49.96328				
3679.486084	-50.111797				
3680.831909	-50.821671				
3682.177734	-49.072998				
3683.52356	-48.526463				
3684.869385	-49.424591				
3686.21521	-49.156208				
3687.561035	-49.540588				
3688.90686	-49.546913				
3690.252686	-49.619366				
3691.598511	-48.808151				
3692.944336	-48.864513				
3694.290161	-48.496246				
3695.635986	-48.820969				
3696.981812	-48.893051				
3698.327637	-48.978851				
3699.673462	-48.309139				
3701.019287	-49.160961				
3702.365112	-49.213322				
3703.710938	-47.570404				
3705.056763	-47.815048				
3706.402588	-47.893364				
3707.748413	-48.09177				
3709.094238	-48.670162				
3710.440063	-47.249519				
3711.785889	-47.071728				
3713.131714	-47.982216				
3714.477539	-47.497437				
3715.823364	-46.798264				
3717.169189	-46.571472				
3718.515015	-46.515591				
3719.86084	-46.095104				
3721.206665	-46.714634				
3722.55249	-46.051109				
3723.898315	-45.99884				
3725.244141	-45.247952				
3726.589966	-46.074368				
3727.935791	-46.729759				
3729.281616	-44.644699				
3730.627441	-45.64613				
3731.973267	-44.91003				
3733.319092	-44.323872				
3734.664917	-45.157879				
3736.010742	-44.418911				
3737.356567	-45.581863				
3738.702393	-44.740974				
3740.048218	-45.209579				
3741.394043	-44.935692				
3742.739868	-44.052738				
3744.085693	-43.513275				
3745.431519	-43.63958				
3746.777344	-43.755779				
3748.123169	-44.396393				
3749.468994	-42.744606				
3750.814819	-42.993645				
3752.160645	-42.742107				
3753.50647	-43.852749				
3754.852295	-42.016457				
3756.19812	-43.007298				
3757.543945	-42.68174				
3758.889771	-41.80732				
3760.235596	-42.744225				
3761.581421	-42.885399				
3762.927246	-41.882854				
3764.273071	-43.429359				
3765.618896	-43.297321				
3766.964722	-43.422783				
3768.310547	-42.036396				
3769.656372	-42.501553				
3771.002197	-42.857964				
3772.348022	-41.103584				
3773.693848	-41.55447				
3775.039673	-41.720177				
3776.385498	-42.291771				
3777.731323	-42.744053				
3779.077148	-43.621933				
3780.422974	-41.516956				
3781.768799	-41.25441				
3783.114624	-40.478745				
3784.460449	-41.082512				
3785.806274	-42.954716				
3787.1521	-42.246544				
3788.497925	-41.744858				
3789.84375	-42.24432				
3791.189575	-42.791744				
3792.5354	-41.866798				
3793.881226	-41.466045				
3795.227051	-43.153912				
3796.572876	-41.708626				
3797.918701	-43.871353				
3799.264526	-42.744667				
3800.610352	-42.083622				
3801.956177	-41.931049				
3803.302002	-42.900436				
3804.647827	-42.55341				
3805.993652	-42.7467				
3807.339478	-42.860977				
3808.685303	-43.254051				
3810.031128	-43.403015				
3811.376953	-43.696407				
3812.722778	-43.898079				
3814.068604	-43.11824				
3815.414429	-44.918713				
3816.760254	-44.005402				
3818.106079	-44.274548				
3819.451904	-43.872383				
3820.797729	-44.624477				
3822.143555	-44.498108				
3823.48938	-44.677467				
3824.835205	-44.837807				
3826.18103	-45.569401				
3827.526855	-45.492138				
3828.872681	-45.997238				
3830.218506	-46.349709				
3831.564331	-45.510044				
3832.910156	-46.459927				
3834.255981	-46.206692				
3835.601807	-47.137886				
3836.947632	-46.902042				
3838.293457	-46.707901				
3839.639282	-46.126041				
3840.985107	-46.695614				
3842.330933	-47.199368				
3843.676758	-47.77935				
3845.022583	-47.666599				
3846.368408	-46.530937				
3847.714233	-47.140533				
3849.060059	-47.815323				
3850.405884	-47.135014				
3851.751709	-47.172478				
3853.097534	-47.936245				
3854.443359	-49.267689				
3855.789185	-48.110958				
3857.13501	-48.601204				
3858.480835	-49.401825				
3859.82666	-48.748241				
3861.172485	-48.28064				
3862.518311	-48.890556				
3863.864136	-50.363537				
3865.209961	-49.611107				
3866.555786	-48.837639				
3867.901611	-48.727951				
3869.247437	-48.734898				
3870.593262	-49.632896				
3871.939087	-49.698246				
3873.284912	-49.752266				
3874.630737	-49.728737				
3875.976562	-50.488411				
3877.322388	-49.431099				
3878.668213	-49.567944				
3880.014038	-49.924229				
3881.359863	-48.835819				
3882.705688	-49.440968				
3884.051514	-49.579597				
3885.397339	-49.692047				
3886.743164	-49.770557				
3888.088989	-50.881752				
3889.434814	-50.256134				
3890.78064	-49.339317				
3892.126465	-50.071766				
3893.47229	-50.365524				
3894.818115	-49.568089				
3896.16394	-51.361485				
3897.509766	-51.003098				
3898.855591	-50.936813				
3900.201416	-51.338528				
3901.547241	-50.580933				
3902.893066	-51.095924				
3904.238892	-50.779613				
3905.584717	-51.501545				
3906.930542	-51.763012				
3908.276367	-51.821049				
3909.622192	-51.705788				
3910.968018	-52.591801				
3912.313843	-51.840885				
3913.659668	-51.634262				
3915.005493	-51.928062				
3916.351318	-51.187096				
3917.697144	-51.176495				
3919.042969	-51.469673				
3920.388794	-52.164509				
3921.734619	-51.529655				
3923.080444	-52.482414				
3924.42627	-52.323372				
3925.772095	-51.643803				
3927.11792	-51.865482				
3928.463745	-51.621876				
3929.80957	-53.41848				
3931.155396	-52.919434				
3932.501221	-52.382919				
3933.847046	-53.34948				
3935.192871	-51.931072				
3936.538696	-51.762817				
3937.884521	-54.075752				
3939.230347	-53.528679				
3940.576172	-53.08659				
3941.921997	-52.766548				
3943.267822	-53.146439				
3944.613647	-53.998604				
3945.959473	-53.088032				
3947.305298	-52.193375				
3948.651123	-52.936661				
3949.996948	-53.880039				
3951.342773	-53.314747				
3952.688599	-52.125481				
3954.034424	-52.81461				
3955.380249	-53.443592				
3956.726074	-53.194626				
3958.071899	-54.058571				
3959.417725	-53.271599				
3960.76355	-53.067257				
3962.109375	-54.2906				
3963.4552	-54.074635				
3964.801025	-54.140621				
3966.146851	-53.367168				
3967.492676	-53.182404				
3968.838501	-54.841316				
3970.184326	-54.144417				
3971.530151	-53.006218				
3972.875977	-52.824749				
3974.221802	-53.621174				
3975.567627	-54.487202				
3976.913452	-54.813255				
3978.259277	-54.226341				
3979.605103	-54.140598				
3980.950928	-54.144344				
3982.296753	-54.123802				
3983.642578	-54.55835				
3984.988403	-54.668049				
3986.334229	-53.755836				
3987.680054	-54.179966				
3989.025879	-54.203926				
3990.371704	-55.448895				
3991.717529	-54.378117				
3993.063354	-54.704178				
3994.40918	-53.958878				
3995.755005	-53.699924				
3997.10083	-53.798775				
3998.446655	-54.473709				
3999.79248	-54.713223				
4001.138306	-54.383114				
4002.484131	-55.230965				
4003.829956	-54.785831				
4005.175781	-55.203255				
4006.521606	-54.578548				
4007.867432	-53.937546				
4009.213257	-55.443447				
4010.559082	-56.4361				
4011.904907	-54.791756				
4013.250732	-54.709461				
4014.596558	-55.661446				
4015.942383	-54.825279				
4017.288208	-55.636574				
4018.634033	-56.808853				
4019.979858	-55.289711				
4021.325684	-54.683182				
4022.671509	-55.261787				
4024.017334	-54.741695				
4025.363159	-54.905544				
4026.708984	-54.964149				
4028.05481	-56.318634				
4029.400635	-55.918236				
4030.74646	-54.773602				
4032.092285	-54.861675				
4033.43811	-54.710274				
4034.783936	-56.288689				
4036.129761	-56.24707				
4037.475586	-55.95042				
4038.821411	-55.530842				
4040.167236	-57.055592				
4041.513062	-56.255081				
4042.858887	-56.328697				
4044.204712	-55.190945				
4045.550537	-55.594212				
4046.896362	-55.599434				
4048.242188	-54.642349				
4049.588013	-55.879398				
4050.933838	-54.662872				
4052.279663	-55.898769				
4053.625488	-55.14399				
4054.971313	-55.479839				
4056.317139	-54.142666				
4057.662964	-54.841896				
4059.008789	-56.045166				
4060.354614	-55.028465				
4061.700439	-56.058624				
4063.046265	-56.62101				
4064.39209	-55.787323				
4065.737915	-55.922874				
4067.08374	-54.896011				
4068.429565	-55.717583				
4069.775391	-55.323593				
4071.121216	-54.958969				
4072.467041	-55.509556				
4073.812866	-55.246834				
4075.158691	-56.172264				
4076.504517	-55.958847				
4077.850342	-55.621449				
4079.196167	-56.852505				
4080.541992	-55.444309				
4081.887817	-55.120899				
4083.233643	-55.696079				
4084.579468	-55.410435				
4085.925293	-55.46804				
4087.271118	-56.044548				
4088.616943	-55.805973				
4089.962769	-56.015087				
4091.308594	-55.819347				
4092.654419	-56.832661				
4094.000244	-56.956501				
4095.346069	-55.478397				
4096.691895	-55.453827				
4098.03772	-56.107655				
4099.383545	-57.077141				
4100.72937	-55.261768				
4102.075195	-55.618698				
4103.421021	-56.37944				
4104.766846	-56.298008				
4106.112671	-56.339993				
4107.458496	-56.295853				
4108.804321	-55.598881				
4110.150146	-55.769371				
4111.495972	-55.551514				
4112.841797	-56.75684				
4114.187622	-55.81366				
4115.533447	-56.367458				
4116.879272	-55.668976				
4118.225098	-56.221302				
4119.570923	-55.429012				
4120.916748	-56.329918				
4122.262573	-57.040707				
4123.608398	-55.008427				
4124.954224	-55.198639				
4126.300049	-55.631107				
4127.645874	-56.234543				
4128.991699	-56.699314				
4130.337524	-55.570606				
4131.68335	-55.80772				
4133.029175	-55.653259				
4134.375	-55.811882				
4135.720825	-55.633663				
4137.06665	-55.705593				
4138.412476	-56.53817				
4139.758301	-55.166134				
4141.104126	-56.090134				
4142.449951	-55.396599				
4143.795776	-54.098316				
4145.141602	-55.626919				
4146.487427	-55.42754				
4147.833252	-55.507523				
4149.179077	-55.019489				
4150.524902	-55.120945				
4151.870728	-55.56086				
4153.216553	-54.994732				
4154.562378	-55.799709				
4155.908203	-55.712116				
4157.254028	-55.660583				
4158.599854	-55.513218				
4159.945679	-54.89259				
4161.291504	-55.33852				
4162.637329	-55.681976				
4163.983154	-55.418522				
4165.328979	-55.982319				
4166.674805	-55.506306				
4168.02063	-55.14534				
4169.366455	-55.54467				
4170.71228	-54.967621				
4172.058105	-55.6078				
4173.403931	-54.099865				
4174.749756	-55.346325				
4176.095581	-55.180508				
4177.441406	-55.400341				
4178.787231	-55.337944				
4180.133057	-55.428364				
4181.478882	-54.916912				
4182.824707	-54.315208				
4184.170532	-54.31794				
4185.516357	-54.430744				
4186.862183	-54.454422				
4188.208008	-55.491821				
4189.553833	-54.305775				
4190.899658	-53.663151				
4192.245483	-53.859909				
4193.591309	-53.511665				
4194.937134	-54.646912				
4196.282959	-54.82151				
4197.628784	-54.966057				
4198.974609	-54.500202				
4200.320435	-53.874813				
4201.66626	-54.030499				
4203.012085	-53.389801				
4204.35791	-54.293156				
4205.703735	-54.609985				
4207.049561	-55.091961				
4208.395386	-54.293667				
4209.741211	-53.299393				
4211.087036	-54.371021				
4212.432861	-53.444069				
4213.778687	-52.628269				
4215.124512	-53.311256				
4216.470337	-54.545147				
4217.816162	-54.14006				
4219.161987	-53.274765				
4220.507812	-52.740681				
4221.853638	-53.103115				
4223.199463	-52.731266				
4224.545288	-52.979515				
4225.891113	-53.547211				
4227.236938	-52.513554				
4228.582764	-53.070065				
4229.928589	-53.915134				
4231.274414	-53.779293				
4232.620239	-52.618534				
4233.966064	-52.143539				
4235.31189	-52.47374				
4236.657715	-51.900383				
4238.00354	-53.122089				
4239.349365	-51.708794				
4240.69519	-52.076706				
4242.041016	-52.858833				
4243.386841	-52.433262				
4244.732666	-50.869247				
4246.078491	-52.076653				
4247.424316	-51.923168				
4248.770142	-50.510525				
4250.115967	-52.768219				
4251.461792	-51.760799				
4252.807617	-51.1632				
4254.153442	-51.951595				
4255.499268	-52.603825				
4256.845093	-51.882053				
4258.190918	-51.225334				
4259.536743	-50.918041				
4260.882568	-50.144001				
4262.228394	-50.613724				
4263.574219	-51.276279				
4264.920044	-50.974262				
4266.265869	-50.566273				
4267.611694	-51.312355				
4268.95752	-50.713692				
4270.303345	-49.272831				
4271.64917	-49.634052				
4272.994995	-49.586357				
4274.34082	-49.440792				
4275.686646	-49.376556				
4277.032471	-48.993488				
4278.378296	-49.208607				
4279.724121	-49.412823				
4281.069946	-49.098083				
4282.415771	-48.671227				
4283.761597	-49.0611				
4285.107422	-49.711143				
4286.453247	-48.211826				
4287.799072	-49.176987				
4289.144897	-48.790169				
4290.490723	-48.259457				
4291.836548	-47.722816				
4293.182373	-47.765049				
4294.528198	-47.43668				
4295.874023	-49.123398				
4297.219849	-47.027294				
4298.565674	-46.891788				
4299.911499	-47.593624				
4301.257324	-47.648163				
4302.603149	-47.379791				
4303.948975	-47.527061				
4305.2948	-47.583015				
4306.640625	-47.426983				
4307.98645	-45.752544				
4309.332275	-46.51511				
4310.678101	-47.366894				
4312.023926	-46.726078				
4313.369751	-45.818161				
4314.715576	-45.500191				
4316.061401	-45.92944				
4317.407227	-45.884716				
4318.753052	-45.567089				
4320.098877	-46.177364				
4321.444702	-46.159798				
4322.790527	-46.311993				
4324.136353	-45.796413				
4325.482178	-46.236504				
4326.828003	-45.246586				
4328.173828	-45.756794				
4329.519653	-46.529476				
4330.865479	-44.566742				
4332.211304	-46.346714				
4333.557129	-45.686241				
4334.902954	-45.561317				
4336.248779	-45.447441				
4337.594604	-45.169205				
4338.94043	-45.357189				
4340.286255	-45.945309				
4341.63208	-45.978466				
4342.977905	-45.576736				
4344.32373	-45.994171				
4345.669556	-46.491581				
4347.015381	-45.809196				
4348.361206	-46.123486				
4349.707031	-46.521336				
4351.052856	-46.124249				
4352.398682	-45.804676				
4353.744507	-46.906479				
4355.090332	-48.412773				
4356.436157	-48.539909				
4357.781982	-46.708298				
4359.127808	-48.080956				
4360.473633	-49.644878				
4361.819458	-49.160725				
4363.165283	-47.881432				
4364.511108	-47.853806				
4365.856934	-48.905579				
4367.202759	-48.656178				
4368.548584	-47.60957				
4369.894409	-47.665813				
4371.240234	-48.321289				
4372.58606	-49.338463				
4373.931885	-49.371887				
4375.27771	-49.855549				
4376.623535	-48.902046				
4377.96936	-49.83313				
4379.315186	-49.537048				
4380.661011	-49.823769				
4382.006836	-49.467934				
4383.352661	-50.17643				
4384.698486	-50.374718				
4386.044312	-49.80817				
4387.390137	-50.78949				
4388.735962	-49.765751				
4390.081787	-50.960285				
4391.427612	-51.056488				
4392.773438	-50.392498				
4394.119263	-51.1203				
4395.465088	-51.272648				
4396.810913	-51.555744				
4398.156738	-51.366543				
4399.502563	-52.786266				
4400.848389	-52.497982				
4402.194214	-52.991074				
4403.540039	-53.170113				
4404.885864	-52.645008				
4406.231689	-52.22308				
4407.577515	-53.465199				
4408.92334	-53.004375				
4410.269165	-54.186348				
4411.61499	-52.61282				
4412.960815	-53.597885				
4414.306641	-54.24527				
4415.652466	-53.73542				
4416.998291	-53.765484				
4418.344116	-52.882671				
4419.689941	-54.202515				
4421.035767	-53.339085				
4422.381592	-53.710209				
4423.727417	-54.536694				
4425.073242	-53.845158				
4426.419067	-53.930065				
4427.764893	-55.803452				
4429.110718	-54.65929				
4430.456543	-54.818848				
4431.802368	-54.631966				
4433.148193	-55.033432				
4434.494019	-55.164169				
4435.839844	-54.496155				
4437.185669	-55.925724				
4438.531494	-55.141708				
4439.877319	-55.784569				
4441.223145	-55.639893				
4442.56897	-55.564476				
4443.914795	-56.679016				
4445.26062	-57.357136				
4446.606445	-56.825165				
4447.952271	-57.039577				
4449.298096	-55.861996				
4450.643921	-55.744797				
4451.989746	-56.546844				
4453.335571	-55.666016				
4454.681396	-57.533173				
4456.027222	-56.026253				
4457.373047	-56.816265				
4458.718872	-56.413734				
4460.064697	-56.896297				
4461.410522	-57.00946				
4462.756348	-56.929443				
4464.102173	-56.953655				
4465.447998	-57.718506				
4466.793823	-56.635517				
4468.139648	-56.142876				
4469.485474	-56.080849				
4470.831299	-57.525703				
4472.177124	-57.521904				
4473.522949	-58.111664				
4474.868774	-57.306835				
4476.2146	-57.025902				
4477.560425	-58.247562				
4478.90625	-57.52277				
4480.252075	-57.037334				
4481.5979	-57.204601				
4482.943726	-57.571396				
4484.289551	-58.022221				
4485.635376	-58.147121				
4486.981201	-58.318825				
4488.327026	-57.629169				
4489.672852	-58.754509				
4491.018677	-59.205868				
4492.364502	-59.061489				
4493.710327	-59.190514				
4495.056152	-59.084843				
4496.401978	-58.638676				
4497.747803	-59.821014				
4499.093628	-57.267883				
4500.439453	-57.888428				
4501.785278	-58.089302				
4503.131104	-59.259552				
4504.476929	-58.192413				
4505.822754	-58.535583				
4507.168579	-59.980766				
4508.514404	-58.305157				
4509.860229	-58.55851				
4511.206055	-60.463066				
4512.55188	-60.204121				
4513.897705	-58.259274				
4515.24353	-59.093132				
4516.589355	-59.058849				
4517.935181	-60.20985				
4519.281006	-58.509094				
4520.626831	-58.346054				
4521.972656	-58.866432				
4523.318481	-59.361839				
4524.664307	-60.078133				
4526.010132	-59.94804				
4527.355957	-59.403229				
4528.701782	-60.129925				
4530.047607	-60.717216				
4531.393433	-59.026005				
4532.739258	-59.716255				
4534.085083	-60.245792				
4535.430908	-59.974125				
4536.776733	-60.382805				
4538.122559	-59.453156				
4539.468384	-60.271805				
4540.814209	-60.441757				
4542.160034	-60.588081				
4543.505859	-60.289757				
4544.851685	-59.921314				
4546.19751	-60.317276				
4547.543335	-60.944622				
4548.88916	-60.45425				
4550.234985	-59.971367				
4551.580811	-60.592426				
4552.926636	-60.811031				
4554.272461	-60.837055				
4555.618286	-61.174755				
4556.964111	-61.00256				
4558.309937	-61.305672				
4559.655762	-61.357849				
4561.001587	-59.993191				
4562.347412	-60.426083				
4563.693237	-60.471401				
4565.039062	-60.212452				
4566.384888	-61.489304				
4567.730713	-61.787388				
4569.076538	-60.258667				
4570.422363	-60.531628				
4571.768188	-60.833736				
4573.114014	-60.097996				
4574.459839	-60.908161				
4575.805664	-60.44241				
4577.151489	-61.266998				
4578.497314	-61.437656				
4579.84314	-60.398289				
4581.188965	-61.125435				
4582.53479	-60.970287				
4583.880615	-61.139484				
4585.22644	-61.166954				
4586.572266	-60.38921				
4587.918091	-62.203869				
4589.263916	-61.826042				
4590.609741	-60.600376				
4591.955566	-62.181656				
4593.301392	-61.608513				
4594.647217	-62.712376				
4595.993042	-62.551273				
4597.338867	-60.598701				
4598.684692	-60.707176				
4600.030518	-61.397781				
4601.376343	-61.120716				
4602.722168	-60.698071				
4604.067993	-60.648376				
4605.413818	-61.039326				
4606.759644	-62.60936				
4608.105469	-61.326233				
4609.451294	-60.800995				
4610.797119	-61.402184				
4612.142944	-61.702316				
4613.48877	-60.38826				
4614.834595	-61.587555				
4616.18042	-62.036457				
4617.526245	-60.98151				
4618.87207	-61.686474				
4620.217896	-60.776218				
4621.563721	-60.638157				
4622.909546	-61.758259				
4624.255371	-61.427299				
4625.601196	-61.701015				
4626.947021	-61.142174				
4628.292847	-61.090988				
4629.638672	-61.801357				
4630.984497	-61.243465				
4632.330322	-62.181168				
4633.676147	-61.865036				
4635.021973	-61.491653				
4636.367798	-60.822227				
4637.713623	-60.921711				
4639.059448	-61.708607				
4640.405273	-62.151871				
4641.751099	-60.264301				
4643.096924	-61.007423				
4644.442749	-60.72702				
4645.788574	-61.509323				
4647.134399	-61.563217				
4648.480225	-60.770012				
4649.82605	-61.918736				
4651.171875	-62.334404				
4652.5177	-61.084812				
4653.863525	-60.577824				
4655.209351	-61.221634				
4656.555176	-61.389454				
4657.901001	-60.365383				
4659.246826	-61.290852				
4660.592651	-60.879574				
4661.938477	-62.360897				
4663.284302	-60.789806				
4664.630127	-60.586582				
4665.975952	-60.184032				
4667.321777	-60.946491				
4668.667603	-61.435379				
4670.013428	-61.90065				
4671.359253	-61.793831				
4672.705078	-61.674885				
4674.050903	-62.508198				
4675.396729	-60.990856				
4676.742554	-62.121067				
4678.088379	-62.152702				
4679.434204	-62.182911				
4680.780029	-60.615967				
4682.125854	-61.161701				
4683.47168	-61.084827				
4684.817505	-61.187016				
4686.16333	-61.209877				
4687.509155	-60.855804				
4688.85498	-60.142014				
4690.200806	-60.273144				
4691.546631	-61.136471				
4692.892456	-61.068581				
4694.238281	-61.406719				
4695.584106	-59.886635				
4696.929932	-60.888569				
4698.275757	-60.511787				
4699.621582	-59.024998				
4700.967407	-59.737595				
4702.313232	-60.662888				
4703.659058	-61.457352				
4705.004883	-60.540112				
4706.350708	-59.853424				
4707.696533	-59.728821				
4709.042358	-60.146263				
4710.388184	-60.516167				
4711.734009	-59.456314				
4713.079834	-59.731678				
4714.425659	-60.533741				
4715.771484	-60.267384				
4717.11731	-59.984108				
4718.463135	-60.311111				
4719.80896	-60.751442				
4721.154785	-61.174644				
4722.50061	-59.963467				
4723.846436	-59.586498				
4725.192261	-61.548115				
4726.538086	-60.380283				
4727.883911	-59.599915				
4729.229736	-59.272831				
4730.575562	-59.268353				
4731.921387	-59.609951				
4733.267212	-59.642826				
4734.613037	-59.419327				
4735.958862	-60.533619				
4737.304688	-58.953579				
4738.650513	-58.383053				
4739.996338	-59.244076				
4741.342163	-59.683109				
4742.687988	-58.217247				
4744.033813	-58.254433				
4745.379639	-59.298847				
4746.725464	-59.61517				
4748.071289	-60.214432				
4749.417114	-59.432766				
4750.762939	-59.658974				
4752.108765	-58.709118				
4753.45459	-58.248909				
4754.800415	-58.397472				
4756.14624	-58.718353				
4757.492065	-58.24411				
4758.837891	-59.261803				
4760.183716	-59.789867				
4761.529541	-59.717937				
4762.875366	-58.286011				
4764.221191	-57.870575				
4765.567017	-58.127853				
4766.912842	-57.741589				
4768.258667	-57.751389				
4769.604492	-58.209675				
4770.950317	-56.719841				
4772.296143	-58.229038				
4773.641968	-57.952984				
4774.987793	-57.386177				
4776.333618	-57.118099				
4777.679443	-57.986607				
4779.025269	-57.234264				
4780.371094	-56.755299				
4781.716919	-56.402557				
4783.062744	-57.325565				
4784.408569	-57.270821				
4785.754395	-57.284454				
4787.10022	-56.264206				
4788.446045	-55.553787				
4789.79187	-57.388702				
4791.137695	-57.14698				
4792.483521	-56.223591				
4793.829346	-56.233986				
4795.175171	-55.058594				
4796.520996	-55.094692				
4797.866821	-56.903442				
4799.212646	-55.982735				
4800.558472	-56.474964				
4801.904297	-55.548534				
4803.250122	-54.51701				
4804.595947	-56.579807				
4805.941772	-55.360477				
4807.287598	-54.884903				
4808.633423	-54.583317				
4809.979248	-56.195911				
4811.325073	-54.851921				
4812.670898	-54.100086				
4814.016724	-54.218361				
4815.362549	-54.046749				
4816.708374	-54.478104				
4818.054199	-54.3531				
4819.400024	-53.762985				
4820.74585	-54.615238				
4822.091675	-53.300541				
4823.4375	-53.390293				
4824.783325	-53.099632				
4826.12915	-53.329689				
4827.474976	-52.984329				
4828.820801	-52.710579				
4830.166626	-52.906052				
4831.512451	-54.153519				
4832.858276	-52.401371				
4834.204102	-52.411201				
4835.549927	-52.266903				
4836.895752	-52.183365				
4838.241577	-51.791756				
4839.587402	-52.903904				
4840.933228	-52.736649				
4842.279053	-52.106213				
4843.624878	-51.302513				
4844.970703	-51.362404				
4846.316528	-51.610386				
4847.662354	-50.457294				
4849.008179	-51.401516				
4850.354004	-52.062855				
4851.699829	-51.456043				
4853.045654	-51.238995				
4854.391479	-50.574486				
4855.737305	-49.870468				
4857.08313	-50.890457				
4858.428955	-51.278069				
4859.77478	-50.578121				
4861.120605	-50.042538				
4862.466431	-50.933041				
4863.812256	-50.908455				
4865.158081	-51.452152				
4866.503906	-50.274147				
4867.849731	-50.764523				
4869.195557	-50.181499				
4870.541382	-50.405998				
4871.887207	-50.296959				
4873.233032	-50.51667				
4874.578857	-50.151527				
4875.924683	-50.762543				
4877.270508	-51.06094				
4878.616333	-51.981361				
4879.962158	-51.512657				
4881.307983	-51.327454				
4882.653809	-52.182758				
4883.999634	-51.285572				
4885.345459	-50.686329				
4886.691284	-51.136509				
4888.037109	-52.232784				
4889.382935	-51.531578				
4890.72876	-51.756805				
4892.074585	-52.474224				
4893.42041	-52.474941				
4894.766235	-52.203972				
4896.112061	-52.927273				
4897.457886	-52.832962				
4898.803711	-52.995625				
4900.149536	-52.720921				
4901.495361	-53.657761				
4902.841187	-53.597126				
4904.187012	-54.230278				
4905.532837	-53.831039				
4906.878662	-54.015774				
4908.224487	-54.601849				
4909.570312	-53.492641				
4910.916138	-52.896084				
4912.261963	-54.936634				
4913.607788	-55.03857				
4914.953613	-53.972656				
4916.299438	-54.315788				
4917.645264	-55.638004				
4918.991089	-55.424789				
4920.336914	-55.874565				
4921.682739	-55.153992				
4923.028564	-55.411106				
4924.37439	-56.085182				
4925.720215	-54.982635				
4927.06604	-55.561844				
4928.411865	-56.854126				
4929.75769	-55.958652				
4931.103516	-56.102951				
4932.449341	-56.835674				
4933.795166	-56.176369				
4935.140991	-56.690769				
4936.486816	-55.968971				
4937.832642	-57.160854				
4939.178467	-57.619751				
4940.524292	-57.869579				
4941.870117	-58.412769				
4943.215942	-57.360661				
4944.561768	-57.058472				
4945.907593	-58.165966				
4947.253418	-57.937088				
4948.599243	-58.075981				
4949.945068	-58.407494				
4951.290894	-57.557961				
4952.636719	-59.410652				
4953.982544	-57.566761				
4955.328369	-58.025509				
4956.674194	-59.368511				
4958.02002	-58.718418				
4959.365845	-58.249454				
4960.71167	-58.674885				
4962.057495	-58.647404				
4963.40332	-59.201313				
4964.749146	-58.005024				
4966.094971	-59.261456				
4967.440796	-59.976582				
4968.786621	-60.730694				
4970.132446	-60.106602				
4971.478271	-59.055824				
4972.824097	-59.210938				
4974.169922	-59.905193				
4975.515747	-58.938671				
4976.861572	-59.41074				
4978.207397	-59.113617				
4979.553223	-60.184875				
4980.899048	-61.021912				
4982.244873	-59.6987				
4983.590698	-60.879948				
4984.936523	-61.565937				
4986.282349	-61.333115				
4987.628174	-61.561729				
4988.973999	-60.12735				
4990.319824	-60.09367				
4991.665649	-60.106113				
4993.011475	-61.199265				
4994.3573	-61.107204				
4995.703125	-59.896347				
4997.04895	-61.455273				
4998.394775	-60.557941				
4999.740601	-62.077545				
5001.086426	-61.59837				
5002.432251	-62.467941				
5003.778076	-61.491478				
5005.123901	-62.622723				
5006.469727	-63.714733				
5007.815552	-61.535522				
5009.161377	-60.506878				
5010.507202	-62.951954				
5011.853027	-62.015335				
5013.198853	-61.965801				
5014.544678	-61.378975				
5015.890503	-62.105076				
5017.236328	-62.360138				
5018.582153	-61.647495				
5019.927979	-62.423767				
5021.273804	-62.203918				
5022.619629	-61.929886				
5023.965454	-61.740887				
5025.311279	-63.856255				
5026.657104	-62.777771				
5028.00293	-63.200653				
5029.348755	-63.308704				
5030.69458	-63.369434				
5032.040405	-63.172626				
5033.38623	-63.468132				
5034.732056	-62.836029				
5036.077881	-62.755543				
5037.423706	-62.315483				
5038.769531	-62.602013				
5040.115356	-62.766495				
5041.461182	-64.144852				
5042.807007	-63.862423				
5044.152832	-62.840916				
5045.498657	-63.912971				
5046.844482	-63.928875				
5048.190308	-64.465431				
5049.536133	-63.203381				
5050.881958	-63.341507				
5052.227783	-63.93277				
5053.573608	-62.913757				
5054.919434	-64.840309				
5056.265259	-64.032944				
5057.611084	-63.600933				
5058.956909	-64.345695				
5060.302734	-64.065712				
5061.64856	-64.662186				
5062.994385	-64.038063				
5064.34021	-64.518524				
5065.686035	-63.539452				
5067.03186	-63.770401				
5068.377686	-64.60762				
5069.723511	-64.515068				
5071.069336	-64.819138				
5072.415161	-64.001534				
5073.760986	-64.615158				
5075.106812	-64.663155				
5076.452637	-63.907688				
5077.798462	-64.430725				
5079.144287	-64.215576				
5080.490112	-65.364876				
5081.835938	-64.552834				
5083.181763	-64.895683				
5084.527588	-63.935081				
5085.873413	-63.409985				
5087.219238	-64.076912				
5088.565063	-64.896591				
5089.910889	-63.923153				
5091.256714	-64.557899				
5092.602539	-64.943787				
5093.948364	-64.522316				
5095.294189	-64.651619				
5096.640015	-64.314293				
5097.98584	-64.453354				
5099.331665	-64.015121				
5100.67749	-64.447922				
5102.023315	-65.073982				
5103.369141	-64.396645				
5104.714966	-64.557426				
5106.060791	-64.069832				
5107.406616	-64.884872				
5108.752441	-65.525597				
5110.098267	-65.625145				
5111.444092	-66.114609				
5112.789917	-63.959934				
5114.135742	-64.847992				
5115.481567	-65.070526				
5116.827393	-66.275215				
5118.173218	-66.382996				
5119.519043	-65.45916				
5120.864868	-66.048096				
5122.210693	-64.859352				
5123.556519	-65.445015				
5124.902344	-65.657951				
5126.248169	-65.289993				
5127.593994	-64.182541				
5128.939819	-65.430679				
5130.285645	-64.697121				
5131.63147	-66.165436				
5132.977295	-64.751755				
5134.32312	-64.794228				
5135.668945	-65.239517				
5137.014771	-65.515182				
5138.360596	-65.430336				
5139.706421	-65.190651				
5141.052246	-65.203529				
5142.398071	-65.521851				
5143.743896	-65.084412				
5145.089722	-65.04287				
5146.435547	-66.02713				
5147.781372	-65.325851				
5149.127197	-65.616501				
5150.473022	-65.665176				
5151.818848	-66.173187				
5153.164673	-65.398956				
5154.510498	-66.102631				
5155.856323	-66.305199				
5157.202148	-66.523918				
5158.547974	-65.982437				
5159.893799	-66.331139				
5161.239624	-65.586517				
5162.585449	-65.145271				
5163.931274	-65.36908				
5165.2771	-65.746613				
5166.622925	-65.861572				
5167.96875	-66.046066				
5169.314575	-66.887527				
5170.6604	-65.153725				
5172.006226	-65.02758				
5173.352051	-65.778984				
5174.697876	-65.717239				
5176.043701	-65.805176				
5177.389526	-66.203369				
5178.735352	-66.105316				
5180.081177	-66.6558				
5181.427002	-65.346771				
5182.772827	-66.084846				
5184.118652	-65.519913				
5185.464478	-65.647385				
5186.810303	-65.350876				
5188.156128	-65.455421				
5189.501953	-66.028984				
5190.847778	-65.370079				
5192.193604	-65.517151				
5193.539429	-65.081085				
5194.885254	-65.873749				
5196.231079	-65.45871				
5197.576904	-64.682587				
5198.922729	-64.050446				
5200.268555	-65.119789				
5201.61438	-66.253029				
5202.960205	-65.788574				
5204.30603	-66.413124				
5205.651855	-65.425606				
5206.997681	-64.623772				
5208.343506	-64.190567				
5209.689331	-65.544113				
5211.035156	-64.443817				
5212.380981	-65.482285				
5213.726807	-64.752853				
5215.072632	-64.740219				
5216.418457	-64.324371				
5217.764282	-64.178139				
5219.110107	-65.054985				
5220.455933	-65.772751				
5221.801758	-65.566246				
5223.147583	-64.972374				
5224.493408	-65.312157				
5225.839233	-64.567245				
5227.185059	-64.433662				
5228.530884	-65.508057				
5229.876709	-65.092743				
5231.222534	-65.262093				
5232.568359	-64.797661				
5233.914185	-65.112305				
5235.26001	-63.509224				
5236.605835	-65.047302				
5237.95166	-64.180878				
5239.297485	-64.872154				
5240.643311	-64.140976				
5241.989136	-63.948318				
5243.334961	-64.133713				
5244.680786	-64.923035				
5246.026611	-64.262695				
5247.372437	-65.254982				
5248.718262	-64.444649				
5250.064087	-64.255577				
5251.409912	-64.40834				
5252.755737	-64.43605				
5254.101562	-64.375793				
5255.447388	-64.371803				
5256.793213	-63.823952				
5258.139038	-63.323334				
5259.484863	-63.20322				
5260.830688	-63.767521				
5262.176514	-64.244751				
5263.522339	-63.135445				
5264.868164	-63.174133				
5266.213989	-64.490479				
5267.559814	-64.476677				
5268.90564	-63.402397				
5270.251465	-62.710854				
5271.59729	-63.247696				
5272.943115	-63.406281				
5274.28894	-63.181023				
5275.634766	-64.051651				
5276.980591	-63.11718				
5278.326416	-62.919388				
5279.672241	-62.061977				
5281.018066	-62.649559				
5282.363892	-63.615318				
5283.709717	-62.952381				
5285.055542	-61.91309				
5286.401367	-62.116238				
5287.747192	-62.845188				
5289.093018	-62.938591				
5290.438843	-62.45108				
5291.784668	-61.589596				
5293.130493	-63.42588				
5294.476318	-61.878227				
5295.822144	-62.635418				
5297.167969	-62.301609				
5298.513794	-62.5378				
5299.859619	-60.943367				
5301.205444	-62.939976				
5302.55127	-61.536133				
5303.897095	-60.540855				
5305.24292	-61.504028				
5306.588745	-60.851028				
5307.93457	-61.477039				
5309.280396	-61.118023				
5310.626221	-60.604324				
5311.972046	-60.75486				
5313.317871	-61.445377				
5314.663696	-60.769512				
5316.009521	-60.953766				
5317.355347	-61.98278				
5318.701172	-60.958363				
5320.046997	-61.214619				
5321.392822	-60.555416				
5322.738647	-60.23185				
5324.084473	-60.561321				
5325.430298	-60.673878				
5326.776123	-61.23893				
5328.121948	-59.705853				
5329.467773	-59.818619				
5330.813599	-59.337101				
5332.159424	-61.368618				
5333.505249	-61.044823				
5334.851074	-59.882118				
5336.196899	-58.979652				
5337.542725	-59.125675				
5338.88855	-58.892021				
5340.234375	-59.081654				
5341.5802	-58.837944				
5342.926025	-60.495693				
5344.271851	-58.942131				
5345.617676	-58.079891				
5346.963501	-59.220428				
5348.309326	-58.733158				
5349.655151	-58.16217				
5351.000977	-58.001976				
5352.346802	-57.985493				
5353.692627	-58.156403				
5355.038452	-57.544338				
5356.384277	-57.960098				
5357.730103	-58.224812				
5359.075928	-57.578247				
5360.421753	-58.065689				
5361.767578	-56.302227				
5363.113403	-56.719402				
5364.459229	-56.217541				
5365.805054	-56.996048				
5367.150879	-56.626682				
5368.496704	-56.654385				
5369.842529	-56.145973				
5371.188354	-56.902714				
5372.53418	-56.943066				
5373.880005	-57.029938				
5375.22583	-56.606571				
5376.571655	-55.615227				
5377.91748	-56.185421				
5379.263306	-56.001877				
5380.609131	-55.895451				
5381.954956	-56.680878				
5383.300781	-56.949677				
5384.646606	-55.394207				
5385.992432	-55.016109				
5387.338257	-55.198708				
5388.684082	-55.57843				
5390.029907	-53.809944				
5391.375732	-54.517162				
5392.721558	-54.427311				
5394.067383	-54.60965				
5395.413208	-54.246567				
5396.759033	-54.450512				
5398.104858	-54.929813				
5399.450684	-54.149731				
5400.796509	-54.282734				
5402.142334	-55.384686				
5403.488159	-54.830627				
5404.833984	-54.415222				
5406.17981	-54.86797				
5407.525635	-54.694687				
5408.87146	-54.729748				
5410.217285	-54.442932				
5411.56311	-54.310577				
5412.908936	-54.496525				
5414.254761	-54.530869				
5415.600586	-54.792286				
5416.946411	-55.94553				
5418.292236	-54.065746				
5419.638062	-54.430214				
5420.983887	-55.059544				
5422.329712	-55.614407				
5423.675537	-56.367538				
5425.021362	-54.560986				
5426.367188	-54.256901				
5427.713013	-55.237411				
5429.058838	-56.06641				
5430.404663	-55.664894				
5431.750488	-56.471424				
5433.096313	-56.350117				
5434.442139	-57.017433				
5435.787964	-55.880463				
5437.133789	-56.199028				
5438.479614	-58.518608				
5439.825439	-58.550297				
5441.171265	-58.05925				
5442.51709	-56.467911				
5443.862915	-57.21627				
5445.20874	-57.311073				
5446.554565	-57.874115				
5447.900391	-57.863609				
5449.246216	-58.013054				
5450.592041	-59.010292				
5451.937866	-58.464607				
5453.283691	-58.905613				
5454.629517	-58.083916				
5455.975342	-58.810146				
5457.321167	-58.654186				
5458.666992	-60.242191				
5460.012817	-59.032486				
5461.358643	-59.142765				
5462.704468	-60.200027				
5464.050293	-60.245708				
5465.396118	-59.379883				
5466.741943	-59.535263				
5468.087769	-60.694618				
5469.433594	-60.76897				
5470.779419	-60.60815				
5472.125244	-60.213085				
5473.471069	-61.800064				
5474.816895	-60.772949				
5476.16272	-59.961578				
5477.508545	-60.737995				
5478.85437	-61.408672				
5480.200195	-61.218609				
5481.546021	-61.2052				
5482.891846	-61.881256				
5484.237671	-62.20647				
5485.583496	-60.674355				
5486.929321	-60.503464				
5488.275146	-60.997093				
5489.620972	-62.095791				
5490.966797	-63.023006				
5492.312622	-62.971577				
5493.658447	-61.797798				
5495.004272	-61.624912				
5496.350098	-62.463692				
5497.695923	-61.842503				
5499.041748	-62.337353				
5500.387573	-61.842354				
5501.733398	-62.944447				
5503.079224	-63.154087				
5504.425049	-62.172413				
5505.770874	-62.249733				
5507.116699	-63.343048				
5508.462524	-63.344929				
5509.80835	-62.523434				
5511.154175	-63.44408				
5512.5	-64.29129				
5513.845825	-63.745663				
5515.19165	-63.764702				
5516.537476	-63.481861				
5517.883301	-63.561657				
5519.229126	-63.960049				
5520.574951	-63.527119				
5521.920776	-63.537003				
5523.266602	-63.428223				
5524.612427	-64.181427				
5525.958252	-63.326653				
5527.304077	-62.958309				
5528.649902	-64.794601				
5529.995728	-64.582169				
5531.341553	-63.811954				
5532.687378	-64.613876				
5534.033203	-64.254143				
5535.379028	-64.823395				
5536.724854	-65.127823				
5538.070679	-65.128639				
5539.416504	-64.948227				
5540.762329	-65.25428				
5542.108154	-64.528893				
5543.453979	-64.735451				
5544.799805	-65.028183				
5546.14563	-64.595528				
5547.491455	-64.964165				
5548.83728	-65.108093				
5550.183105	-65.415596				
5551.528931	-66.278656				
5552.874756	-65.752876				
5554.220581	-64.772888				
5555.566406	-64.019943				
5556.912231	-65.483429				
5558.258057	-66.313156				
5559.603882	-65.838928				
5560.949707	-65.44178				
5562.295532	-65.521133				
5563.641357	-65.730164				
5564.987183	-65.43718				
5566.333008	-65.662994				
5567.678833	-65.627327				
5569.024658	-65.966217				
5570.370483	-65.50972				
5571.716309	-66.342537				
5573.062134	-66.000954				
5574.407959	-66.038742				
5575.753784	-65.804222				
5577.099609	-65.781715				
5578.445435	-66.773727				
5579.79126	-65.367798				
5581.137085	-66.581924				
5582.48291	-66.842896				
5583.828735	-66.574669				
5585.174561	-66.350624				
5586.520386	-66.910538				
5587.866211	-66.631653				
5589.212036	-67.069168				
5590.557861	-66.879684				
5591.903687	-67.099297				
5593.249512	-66.474091				
5594.595337	-66.268112				
5595.941162	-66.973282				
5597.286987	-67.576767				
5598.632812	-66.23819				
5599.978638	-66.624603				
5601.324463	-67.079941				
5602.670288	-66.976631				
5604.016113	-65.952309				
5605.361938	-66.599396				
5606.707764	-67.225662				
5608.053589	-66.569992				
5609.399414	-67.106407				
5610.745239	-66.412712				
5612.091064	-65.893738				
5613.43689	-67.114311				
5614.782715	-67.311234				
5616.12854	-67.035141				
5617.474365	-66.819603				
5618.82019	-66.965775				
5620.166016	-68.063026				
5621.511841	-66.014732				
5622.857666	-67.341545				
5624.203491	-67.455711				
5625.549316	-67.44603				
5626.895142	-67.399719				
5628.240967	-66.689819				
5629.586792	-67.5951				
5630.932617	-67.468475				
5632.278442	-67.45665				
5633.624268	-68.434746				
5634.970093	-67.189476				
5636.315918	-66.473129				
5637.661743	-67.927849				
5639.007568	-68.50013				
5640.353394	-68.395866				
5641.699219	-67.962875				
5643.045044	-68.013245				
5644.390869	-67.648773				
5645.736694	-68.207085				
5647.08252	-67.374763				
5648.428345	-67.210846				
5649.77417	-67.070549				
5651.119995	-67.541336				
5652.46582	-69.042046				
5653.811646	-67.82177				
5655.157471	-67.373283				
5656.503296	-68.123291				
5657.849121	-66.756165				
5659.194946	-67.683273				
5660.540771	-66.956192				
5661.886597	-67.604637				
5663.232422	-67.92083				
5664.578247	-68.611504				
5665.924072	-67.966156				
5667.269897	-67.252594				
5668.615723	-68.020592				
5669.961548	-67.537743				
5671.307373	-68.372864				
5672.653198	-68.268257				
5673.999023	-68.925545				
5675.344849	-66.677826				
5676.690674	-68.508385				
5678.036499	-67.485176				
5679.382324	-67.743134				
5680.728149	-67.404495				
5682.073975	-67.892982				
5683.4198	-68.232628				
5684.765625	-68.090706				
5686.11145	-68.244209				
5687.457275	-68.860733				
5688.803101	-68.362976				
5690.148926	-68.557022				
5691.494751	-68.154686				
5692.840576	-68.557762				
5694.186401	-67.466728				
5695.532227	-67.650444				
5696.878052	-67.539375				
5698.223877	-68.253616				
5699.569702	-68.154915				
5700.915527	-68.416481				
5702.261353	-67.784943				
5703.607178	-68.65419				
5704.953003	-67.649734				
5706.298828	-67.643913				
5707.644653	-67.005226				
5708.990479	-67.265259				
5710.336304	-67.908188				
5711.682129	-67.813972				
5713.027954	-67.227203				
5714.373779	-67.306129				
5715.719604	-67.298889				
5717.06543	-68.717644				
5718.411255	-68.667122				
5719.75708	-67.037292				
5721.102905	-67.211548				
5722.44873	-67.962242				
5723.794556	-68.284035				
5725.140381	-67.222725				
5726.486206	-67.361107				
5727.832031	-66.774673				
5729.177856	-67.345001				
5730.523682	-68.432869				
5731.869507	-67.153244				
5733.215332	-67.010788				
5734.561157	-67.931015				
5735.906982	-67.944771				
5737.252808	-66.652344				
5738.598633	-67.445824				
5739.944458	-67.566719				
5741.290283	-67.114754				
5742.636108	-66.296654				
5743.981934	-67.503181				
5745.327759	-66.653465				
5746.673584	-68.274315				
5748.019409	-67.881599				
5749.365234	-67.441208				
5750.71106	-66.520599				
5752.056885	-68.004509				
5753.40271	-67.408936				
5754.748535	-66.66629				
5756.09436	-66.693741				
5757.440186	-67.344673				
5758.786011	-67.694908				
5760.131836	-66.625824				
5761.477661	-67.720963				
5762.823486	-66.922829				
5764.169312	-67.070183				
5765.515137	-66.720078				
5766.860962	-66.918648				
5768.206787	-67.376068				
5769.552612	-66.814476				
5770.898438	-66.53466				
5772.244263	-66.159111				
5773.590088	-68.261482				
5774.935913	-67.698776				
5776.281738	-65.362671				
5777.627563	-64.530876				
5778.973389	-65.692879				
5780.319214	-66.567833				
5781.665039	-66.011307				
5783.010864	-66.492081				
5784.356689	-66.208183				
5785.702515	-66.306938				
5787.04834	-65.454918				
5788.394165	-65.747208				
5789.73999	-66.9991				
5791.085815	-66.467484				
5792.431641	-65.224495				
5793.777466	-65.624001				
5795.123291	-64.819473				
5796.469116	-65.916718				
5797.814941	-65.593491				
5799.160767	-65.111603				
5800.506592	-66.641502				
5801.852417	-64.647697				
5803.198242	-66.545456				
5804.544067	-66.218048				
5805.889893	-64.870872				
5807.235718	-66.06176				
5808.581543	-66.495697				
5809.927368	-65.169533				
5811.273193	-64.742981				
5812.619019	-65.032692				
5813.964844	-64.761978				
5815.310669	-65.456856				
5816.656494	-65.63868				
5818.002319	-64.298851				
5819.348145	-65.309784				
5820.69397	-64.780609				
5822.039795	-65.219849				
5823.38562	-65.063568				
5824.731445	-64.55481				
5826.077271	-64.08503				
5827.423096	-63.659149				
5828.768921	-64.693092				
5830.114746	-64.858673				
5831.460571	-64.757034				
5832.806396	-64.175987				
5834.152222	-63.110935				
5835.498047	-63.500546				
5836.843872	-64.038948				
5838.189697	-63.821423				
5839.535522	-63.859718				
5840.881348	-63.661102				
5842.227173	-64.029861				
5843.572998	-63.590908				
5844.918823	-63.419537				
5846.264648	-62.598164				
5847.610474	-63.177326				
5848.956299	-63.137306				
5850.302124	-62.00528				
5851.647949	-63.234627				
5852.993774	-63.926121				
5854.3396	-63.057213				
5855.685425	-62.622616				
5857.03125	-62.470718				
5858.377075	-61.823898				
5859.7229	-62.465637				
5861.068726	-62.417366				
5862.414551	-61.998501				
5863.760376	-61.54414				
5865.106201	-62.381573				
5866.452026	-62.350964				
5867.797852	-62.660805				
5869.143677	-61.199928				
5870.489502	-61.133602				
5871.835327	-60.942287				
5873.181152	-61.375629				
5874.526978	-61.227547				
5875.872803	-61.759274				
5877.218628	-61.279953				
5878.564453	-61.402569				
5879.910278	-61.105076				
5881.256104	-62.160057				
5882.601929	-61.446247				
5883.947754	-59.86581				
5885.293579	-61.274906				
5886.639404	-60.723763				
5887.985229	-60.321373				
5889.331055	-61.351425				
5890.67688	-60.681999				
5892.022705	-60.738674				
5893.36853	-60.503468				
5894.714355	-59.725357				
5896.060181	-60.306004				
5897.406006	-59.968243				
5898.751831	-59.609695				
5900.097656	-59.405403				
5901.443481	-60.599606				
5902.789307	-59.159687				
5904.135132	-58.842129				
5905.480957	-59.70005				
5906.826782	-60.083076				
5908.172607	-58.792263				
5909.518433	-58.582615				
5910.864258	-58.241108				
5912.210083	-58.864403				
5913.555908	-59.735428				
5914.901733	-58.216686				
5916.247559	-59.051739				
5917.593384	-57.694988				
5918.939209	-56.635868				
5920.285034	-58.297226				
5921.630859	-57.939289				
5922.976685	-57.558971				
5924.32251	-58.511379				
5925.668335	-58.31702				
5927.01416	-57.77803				
5928.359985	-55.945107				
5929.705811	-57.136158				
5931.051636	-58.226254				
5932.397461	-57.53344				
5933.743286	-59.068974				
5935.089111	-57.736462				
5936.434937	-58.170979				
5937.780762	-58.17638				
5939.126587	-57.547157				
5940.472412	-58.258202				
5941.818237	-58.041756				
5943.164062	-57.818272				
5944.509888	-58.259197				
5945.855713	-57.723396				
5947.201538	-57.681587				
5948.547363	-57.065105				
5949.893188	-56.693039				
5951.239014	-57.996437				
5952.584839	-57.799347				
5953.930664	-58.188698				
5955.276489	-58.309242				
5956.622314	-59.393505				
5957.96814	-58.085537				
5959.313965	-59.301758				
5960.65979	-58.455902				
5962.005615	-58.073589				
5963.35144	-57.688896				
5964.697266	-58.492485				
5966.043091	-58.587322				
5967.388916	-58.728531				
5968.734741	-59.188782				
5970.080566	-58.251534				
5971.426392	-58.821629				
5972.772217	-59.378994				
5974.118042	-59.925556				
5975.463867	-59.045898				
5976.809692	-58.994152				
5978.155518	-58.969131				
5979.501343	-60.085026				
5980.847168	-59.965965				
5982.192993	-60.106106				
5983.538818	-59.92931				
5984.884644	-60.60939				
5986.230469	-60.382286				
5987.576294	-60.123737				
5988.922119	-62.833725				
5990.267944	-62.028137				
5991.61377	-60.719852				
5992.959595	-59.012421				
5994.30542	-59.94532				
5995.651245	-60.815315				
5996.99707	-61.526787				
5998.342896	-61.517708				
5999.688721	-61.524109				
6001.034546	-61.624886				
6002.380371	-61.753109				
6003.726196	-62.754501				
6005.072021	-63.69688				
6006.417847	-61.979733				
6007.763672	-61.685734				
6009.109497	-61.658543				
6010.455322	-62.404263				
6011.801147	-62.636379				
6013.146973	-62.202644				
6014.492798	-62.290951				
6015.838623	-61.801132				
6017.184448	-62.44566				
6018.530273	-62.774929				
6019.876099	-63.182899				
6021.221924	-62.801441				
6022.567749	-63.435612				
6023.913574	-63.693428				
6025.259399	-63.919342				
6026.605225	-63.639523				
6027.95105	-63.644978				
6029.296875	-62.859936				
6030.6427	-62.857658				
6031.988525	-63.535244				
6033.334351	-63.817074				
6034.680176	-64.222343				
6036.026001	-63.931328				
6037.371826	-64.602127				
6038.717651	-64.374451				
6040.063477	-64.073967				
6041.409302	-64.033417				
6042.755127	-64.967682				
6044.100952	-65.787903				
6045.446777	-64.189781				
6046.792603	-63.028576				
6048.138428	-64.250473				
6049.484253	-63.977161				
6050.830078	-65.047981				
6052.175903	-64.710373				
6053.521729	-65.479645				
6054.867554	-64.870331				
6056.213379	-64.714325				
6057.559204	-64.450882				
6058.905029	-65.689857				
6060.250854	-64.758682				
6061.59668	-65.78389				
6062.942505	-64.912292				
6064.28833	-65.873856				
6065.634155	-66.226097				
6066.97998	-66.240479				
6068.325806	-66.699875				
6069.671631	-66.514595				
6071.017456	-66.795876				
6072.363281	-64.683556				
6073.709106	-66.439049				
6075.054932	-65.928238				
6076.400757	-65.206718				
6077.746582	-66.308914				
6079.092407	-66.544914				
6080.438232	-67.504044				
6081.784058	-66.438881				
6083.129883	-67.102676				
6084.475708	-66.818825				
6085.821533	-65.697319				
6087.167358	-67.18383				
6088.513184	-66.350548				
6089.859009	-65.753761				
6091.204834	-66.140457				
6092.550659	-67.219994				
6093.896484	-66.443085				
6095.24231	-67.709831				
6096.588135	-66.221069				
6097.93396	-66.082985				
6099.279785	-67.372574				
6100.62561	-67.818405				
6101.971436	-66.317192				
6103.317261	-67.90596				
6104.663086	-67.003235				
6106.008911	-67.022835				
6107.354736	-66.917831				
6108.700562	-68.472359				
6110.046387	-68.143608				
6111.392212	-66.227776				
6112.738037	-66.947426				
6114.083862	-67.530502				
6115.429688	-67.753609				
6116.775513	-67.367569				
6118.121338	-68.894371				
6119.467163	-68.560616				
6120.812988	-68.183746				
6122.158813	-67.965492				
6123.504639	-69.463043				
6124.850464	-68.018883				
6126.196289	-66.202209				
6127.542114	-66.872299				
6128.887939	-67.408058				
6130.233765	-68.795731				
6131.57959	-67.770866				
6132.925415	-68.092796				
6134.27124	-68.239624				
6135.617065	-68.383484				
6136.962891	-67.279762				
6138.308716	-68.437729				
6139.654541	-67.750839				
6141.000366	-68.428925				
6142.346191	-68.556076				
6143.692017	-69.25901				
6145.037842	-67.023689				
6146.383667	-67.643471				
6147.729492	-69.257423				
6149.075317	-68.518967				
6150.421143	-67.941917				
6151.766968	-68.296043				
6153.112793	-67.98497				
6154.458618	-67.762253				
6155.804443	-67.765038				
6157.150269	-68.849182				
6158.496094	-67.812492				
6159.841919	-68.203712				
6161.187744	-69.172562				
6162.533569	-68.691666				
6163.879395	-68.408226				
6165.22522	-68.298447				
6166.571045	-69.606567				
6167.91687	-69.987595				
6169.262695	-68.30719				
6170.608521	-68.98246				
6171.954346	-67.396362				
6173.300171	-69.260574				
6174.645996	-69.051003				
6175.991821	-68.854195				
6177.337646	-68.305092				
6178.683472	-68.955322				
6180.029297	-68.863358				
6181.375122	-69.000313				
6182.720947	-68.919792				
6184.066772	-70.391464				
6185.412598	-69.194794				
6186.758423	-68.380196				
6188.104248	-69.905701				
6189.450073	-67.954697				
6190.795898	-70.208504				
6192.141724	-69.285782				
6193.487549	-70.706177				
6194.833374	-68.364952				
6196.179199	-70.299606				
6197.525024	-68.423897				
6198.87085	-68.533669				
6200.216675	-68.834541				
6201.5625	-68.948875				
6202.908325	-69.250244				
6204.25415	-69.516197				
6205.599976	-68.780487				
6206.945801	-69.299606				
6208.291626	-68.707466				
6209.637451	-69.09761				
6210.983276	-68.880142				
6212.329102	-68.602821				
6213.674927	-69.908585				
6215.020752	-68.930656				
6216.366577	-67.886414				
6217.712402	-67.890068				
6219.058228	-68.761818				
6220.404053	-69.122017				
6221.749878	-69.69648				
6223.095703	-69.798714				
6224.441528	-70.012085				
6225.787354	-69.034027				
6227.133179	-70.010742				
6228.479004	-69.243523				
6229.824829	-69.972488				
6231.170654	-70.026863				
6232.516479	-68.897446				
6233.862305	-69.019249				
6235.20813	-69.642403				
6236.553955	-69.791908				
6237.89978	-69.010162				
6239.245605	-69.287277				
6240.591431	-68.92424				
6241.937256	-68.225464				
6243.283081	-68.97654				
6244.628906	-68.922623				
6245.974731	-68.845612				
6247.320557	-68.825554				
6248.666382	-68.617203				